mm.

11611, Μο16,1166166 (1661168661),

mmm
Lirbruggo (Narborouyh), 744.

1116, Lyre (Lyre 06116, 16. 1161166),

monachi 16, 660, 670.
11666161 (11616661), 761.
11666161166616, 116616, 116616, 11666611.
—- Alex. 16, 106.
- 061116, 666.
- (161611. 16, 614, 706716.
1111666. 866 [lexoviensis.
11616611. 86611666101.
11666 (1166), 787.
1161611111, 1161661611, 1116. 16, 640.
116161616. de, 506.
—- 1161166 1 ohannis 16, 457.
1161616. 866 1111616.
laisum. See Liswis.

11611661161116, 11661116, 11666166, 1166116.
- Falco 16, 65, 60, 178, 868, 671, 706.

- - 6116, 366.
- —- 6111166, 666.

- (1611116 (warnerus) de, 45, 57, 60, .

180, 156, 646.
-- Hug. de, 61, 104, 110, 170, 616.
- 1161). 16, 46, 66, 676, 516.
-1116, 666.
—meffi
1161116. 8661161166.
116611. 8661166616.
1111166691. 8661161616186.
1116111166 (eo. wius), 687.
1111661661. 8661716116.
1111661116, 111616, 566.
111161616,1161).16,400. ’
1111161616 (co. Suffolk), 400.
—fflmmL
Litlemore (1111166666),11611616616, 706.
1111161666. 866 1111161616.
11161161 Regis, 767.
1111616. 8661161666.
1111111 1111166111, 460. ’ ·. .

1233

11116. 8661111116.

1116161616,1.111161 (66. 11661), 614, 706,
716.

1116116616 (co. Saffum, 666, 716.

-Libere 16161166 16, 666.

- 8661161616611616.

- 866 Wyvermere.

Liveto, Rob. 16, 667.

1111611616, Η61. 16, 606.

11666 (66. Η6616),566.

1166661616. 866111116661116.

11116νί61616. 8661616161616.

1166166666. 8661616161166616.

11666. 8661116111.

1166116, 16616 (16 Laude Ρ6161),1ιο161
16, 661. ’

11661166116116, 1616666116 (66. 1111116), 600,
760.

1666 1161 (1166166), 1111666 (16, 706.

16611166. 86616161616.

11616166, Will. 16, 666.

1611166166. 866 1611116166 16166·
1616.

1616611166. 8661616611166.

1616616116, 1161661616, 1111661616,
1116611116.

· -1163, 16, 476, 767.
· -1111116105

1161661616, 1616616116 (1611661666), 105.

· - 866 1616616116.

1161661666. 866 1161661616.
1611131616 (co. Ν66;1“611),760.
1661111616 (1611166166), 661.
161166, 161116, 16616, 606, 410.

· - 1611. 16, 005.

161116. 8661161166.
1661616116. 86616116111116.
1661616. 866 1161161618.
1116161616. 866 1661161613.

6616611666.

16966166. 86616666.
Ιιο601(Ῑι61066),646. · , ,

 

