1312

8110110101ιο, 8011080100,80110110111101, 8110·
11011110, 8110011110, sireburne (8101-
11111110).

-11111,11,00,11,11, 110100, 101,
188, 168, 818. 844, 878, 708.

-0110110 110, 280.

Siret, (1011. de, 000.

81101000. 800 8011101000.

8111010οο. 800 8011010110.

8111011110 (8111101111), 580.

811]οι000, Will. de, 108.

8110101110, 8110010100, 8101101110, will. 110,
880, 5118.

8101110100. 800810010100.

8100010100 800 8100101110.

8101110 (810101), 405.

8001001111ομ0 (summme), 584.

8110011110, 1100. de, 259.

811010001010. 800 801010001010.

8111110 (810011), 004.

siward, 1110011100, 750.

-111,1011.

81001111 ul.. enardi 81. 800 will. 81.
siwardi.

811110,810110010 (subula), 518, m

81011011. 800 81010000.

81011000 (81011011),110001110, 400.

810111091101110. 80080118ηο100.

8110111101. 800 81001001.

8100011000 (1.0. 8400110111), 785.

8101010000 (88φο01001), 400.

81011000, (11101000, Bog. 00, 400, 571.

811111001ιᾶ. 800801110οἀ0.

8110000 0110110 (co. Yorh), 0011.

8111111011. 800 8010101101 81101011.

81110001. See Sebireboe.

Skirburue (8111101110), 708.

8100001001. 800 8101010000.

81101011 10 01010110 (supter), 1111111,
lxxx.

8101101010, wibertus de, 407.

810οῙ018. 800 1101101110.

nrum.

8111011013ςο, 8111111111ομ (8110811090),

288.
8110011890. SeeSlirubergge.
Slimbrigge. seeslinbergge
Slindun. 800 8110011110.
8111111000 (8111111011), 554.
811001011 800 sneundune.
8010111000οο. 800 8010801000.
80011000008111011010110 (Sueten). ⁵00,
578.
saraim. 800 80011.
8001111ςο1, Phil. (10, 800.
-8018 110, 060.
811011. 800 80011.
8110111011. 800 8001101000.
8110000οὴ0111. 800811οω1011.
800100800081100000110111.
-Δ10000110,00, 004.
-80111 de, 22. 004.
-1110 de, 11, 001.
8001001001 (8101101100),οὼ10.
8008101010. 800 8001001110.
sneyt. sneit (810111),100,110.
81111011ομ (8101101101), 744.
suiuus, 8111111010, 1111100110.
8111001111. 8001101111.
8001101000 (8110111011), 785.
8011011. 800 8110111110.
8011011. 8008011111.
8011111, 8011011, Sobery (8110011111), 708,
789, 748.
80001010, ν’· partem 10001 0111111000,
148.
800101πί010. 800 8010101010.
8011109100. 800 8011010110.
80011101. 800 80101101.
80110110 8008011010.
Soilgny. 800 solenni.
8010101080, sorbonicus, Ad. 110, ²21.
801011110. 800 8001011110.
8011111, 1007.
8010, win. de, 000.

 

