11¹an .

111000 16100110, 10110000 60, 860.
- will. 60, 861.

1110101611 (11001016), 801.
1111001000, 1106. 60, 618.
1111101, Hug„ 681.

- Sim„ 681.

- 800 10006110.

1111110001, 110100, 101100 (1711010100),

011, 100101.
11106010111011100, Βοὴ. 60, 666, 681.
11106100. 80011106ογ0.
111119. 8001101030.
111101 (Tr-wille), 660.
111101ογ0, 110. 60, 606.

1111061011 (1000νά10011), Prior 60,

262.
Tn'yli, 1100. 60, 668.
110110, 660 61. Βοὴ, 797.
1101010110, Βοὴ. 60, 668.

11001010ωο0, 1100101000, 1100101000,

1100001000.
- 1101011100 60, 600.
—- 10. 60, cclxxxiii, 648.
1100010100. 800 1100111010οο.
1100111, 1111010160( 60, 468.
110000101. 800110000101.
110101011νο (Trottersclive), 474.

1101001111ὴο 110110001110, Maur. 60,

188.

Trottenetive. 80011010101110.
110110011110. 80011010111110.
11010011. 8001101010.
11010110, (10011. 60, 467.
-1110 60, 166.
11010110 (11010071), 186, 666.
1101110 61100. 800 1110111600 61. 110110.
1101101100. 800 1111111100.
1101011100. 800 1011011101.
1101Ιο11110, Lucas de, 660.
1100001000. 800 11010ρί01000.

11000101000, 11000101οο (Tampium),

687-689, 676.

1886

1100010611, 11000001111011, Βοὴ. 60,
686.

110ος0101, 1100010 (110090), 644.

1100310. 800101ος0101.

Trunyy. 800 1100110101.

100, 010000.

1100οο101, 110000101, 110000101.

-- ΑΙὴ1068, 88, 106, 116, 160.

-- (111111, 88, 684.

- Βοὴ. 60, 77, 68.

- 1101, 40, 10, (00101.

— 10011 (ulnis), 100, 4οο, 111, 100,
668.

-10111060, 640.

-feudum de, 117,166, 490, 617.

1100001, 10100, 664.

—- 001, 885.

- 1110.,401, 401, 111.

- 1110, 689.

1100101111, 1101110111, (10000101.

-- Rie. (10, 480.

-— Will. de, 668.

- - Βοὴ. fil„ 688.

10016, 1001111111, 8811.

1001000010 (Tuam), 8101111000 Archio-
piscopus, 916.

1011000111, «10. 60, 606.

1066001011. 800 8106600100.

1116611οω00 (1011010910), 469.

10601001,11060100600 60, 001, 767.

- - (10061060 uxor, 767, 768.

10601001, 10601001 (1066001011), 748,
744.

—- Parva (611110 Turbam), 542.

1060161. 1011016, 606.

- - 110601( frater, 608.

1060116111 (1161001111), 240.

1000011000, 11101. 60, 867.

111311ος0 (co. 11110), dominium 60, 460.

1011010[01]. 800 11010110 [10].

1011, Hug. 60, 867.

1106011ομ, Sim. 60, 460.

 

