1128

num.

0666616 116ῃο (0116666669), Pon· 66, 0616101, 06101, 1166666666.

608.

- 110666, 944.

-· “ 00606066 ” 66, 665.

- 866 0666600600.
066ομ66. 86616611610666.
06661601. 866 061360166.
06166600. 866 06161100.
0161360166, 00106601 (0161661), 644.
06111. 866 061111.

061111, 06111, 06111), 061111611611610.
- «10666606 66, 617, 696.
-06066 666.

-1166 66, 461.

Ouinio. 866061111.

061116. 866 061111.

061101, chamot, will„ 6³2.
061666, 4. ’
0616666οῃ0. 866 0616660οἚ0.
06116111. 866 Κ661611.
06161606061661100, 111616. 66., 390.
06166616. 866 00666610.
06160610. 866 06666610.
camur. 866 066166.

06106. 866 001060.

061600, 06166.

--· Hugo 66, 901.

- 666. 66, 566.

- Jo. 66, 566.

—- 866 0161060116.

0616666, will. 66, 167.
06166606066 (0616 Ν66106), 799.
061666. 866 060666.

0616006, will. de, 267.

061661006, Phil. 66, 484.

-— 11666169.

1361661066 (06101066), 464.

061610 (Pays de 0666), 116111666669.
— 866 01660661οι6.

06161060, 0616106616, 1661610606.
- Bm. 66, 666.

- 11111. 66. 394.

06116166. 866 061016).

0611610, 0116111, 061). 66, 641.

00116666. 866 0616616066.

0611169166. 866 0616061066.

061106. 86606160.

0011666606 (0116106666), 499.

0606161066 (0611166106), 790.

cuna„ 866 06166.

06106, 06166 (06166), 464, 467, 664,
100.

06106, 06666, 06166, 061066.

-- Mauricius de, 467.

—- 1110. 66, 240, 660, 769.

06160066 (061666), 563.

06161066. See 0616610116.

Calstoek. 866 1111166100.

061111οφ6. 8616616160).

0611006, will. de, 696.

061016) (06116166), 00666316 66, 714.

calum. 86606166.

0660666616, 690, 776.

- 866 6066161066.

06160, 061100, Nieh. 66, 607.

061661, 060661.

- 066, 616, 00.

- Bob.‚2ae.

Calvelega, Ghnlvelega (1 01606166), 46, 57,
62,

calm. 866 06100616.

0010616006 (1761166166), 566.

0616011606, Gilb. 66, 564 (6), 565.

0616666106. 866 0616606666.

0016661611, 11016, 566.

00116666066016. 60, 665.

0616666166 (1 0610666166). 466.

0616161066, 1166. 66, 617. ¹

0661, Worreis 66, 570.

0616066606. 86606660661601.

0666666616. 866 0666666116.

camber-wau. 866 866666666116.

Onnum. 866 cambium.

 

