1882

10001, δια-0001.

—Hem (10, 121, 180.

- 01100000(01]000) (10, 48, 48, 88,
112,121,164,162,256,686.

- 1000111001100010000, 110ος1000 (10,
000, 004.

-11111, (10, 48, 66, 88, 112, 248, 2114,
285, 689.

micio. 80010001.

1000). 80010001,

1001001001, 001). de, 744.

1008008, Motae.

— Ηο0. de, 874.

—- Steph. (10, lxxx, lmi.

100111. 8001001111.

1001111, 1000111, 100111.

- (1001001 (10, 289.

-Μωωωωωο

100110011οΜ (00. Anylmy), 761.

11000000111001. 80010000100100.

10000οη0100, Regis 11100001, 88.

1000100000. 80010000101000.
1100101000. 80010000101000.
1000000, 1000000, 801.
-1101).,284.

110ογ111, 800 Trauli.

1000030 (Trina), 682.

10000, Rad. (10, 540.
100600, 1101001010, 216.
100600101001. de 10, 814.
1000001, Jord. (10, 249.
Το040010,110(10101),Ηο0. (10, 61.
walch. 8001008001.
1106000010(οτοι (10, 112.
100ςο0100, 1001000] (Tr-em), 98,
577.
100001, Rob. (Rob. de), 496, 602.
1000001110, Bic. (10, 687.
10090000. 800 10000010.
11000010000001000001. .
- 0010. (de), alm, 000.
-10.,47.

nmlx.

100000, &tm-em ,
-1806.(10(1100.), 78, 88129, 129,

152, 484, 496.

—Will. (Will. (10), 77, 141, 176, 479,
521, 666.

Το011000,Βο1).,607.

1001001410. (10, 667.

100100, Heu. (10, 98.

1001000). 80010030010.

10011, Gali, (10, 828.

1101100, uie. (10, 181.

- 80080700.

10010030, 1110. (10, 867.

1000007000. 8001100000οω

1000011110, Rob. (10, 488.

hamuel, 11111, 812.

1000000100, 100001οο0 (Tmolon), honor
(10, 582, 620, 621.

1000010001. 8001700006οη1.

10000οά007, 11001. (10, 262.

'stem [order] 01 10 1007700 (1100010001 in
110010),οι0.

100001οο0. 800100000700.

1100000101 (co. 0000000011), 818.

1000010101, 10000001010, 80, 846.

1000010010110. 80010000101011.

10000(ἰο (1 1000000111), 612.

10000011. See 1000000.

1100710000 (00. stafford), 862, 676,
784.

1000000010, Rie. (10, 791.

1000004. 800 Tragos.

1000000. 8700110300.
1000100 (1410010), 786.

1000000000. See 8000010011.

10011010. 8001001107.

10011001, 11111010, 812.

10011001 (Trethake), 612.

10000010[00], 1010010[οι] (11000 Hau-
court), 628.

10000110. 800 101001.

10οκ10001. 8001110107710.

 

