1866

171111111111, 1111. 61, 640.

-711 de, 646.

771111161111071111161111, eo. 67111111-
111), 679, 667.

-- See 771111161111.

171111161111111111 ( Winterbeum 611711),
486, 489.

77111111111, Gale. de, 666.

77111111. 611 77111111.

77111111 (17117111), 767.

171111111,171111111, 7711111111, 1711111-
iam (winchester), cxxix, 766, 1074,
1675, 1081.

- civitas, 111, eea, 111, 111,
766.

-—- 1111111111 11 111111 61, 460.

- Comes, 466, 484, 604, 666, 669, 682,
706.

- [61111101111 160.

-111111111, 666, 690.

-- 1111111, 666, 690.

-- chnpmannehane 11, 666.

- pax apud, 1066.

771111111,171111111

’ - eliu 11, 111.

- Bog. de, 666.

1711111111111,1711111111 (winchester).

-11111101111, 60, 14, 66, 64, 46, 66, 67,
72, 91, 99, 107, 167, 141, 144, 148, 161,
704·607, 469, 499, 664, 706, 794, 766,
1641.

- 111111111 Episcopus, 766, 791.

- 11111111 episcopi, 666, 666.

·- 11111111 episcopi, 60.

--· 1111111111, 766.

- 61111161.

-- 1411111111, 60, 484.

-ι - See Hyde.

-- episcopatus, 66, 760.

- Ρ111111111611111111,766.

- 611 1711111111.

1711111111111, 77111111 61, 666.

Ilm

wintringtone (1711111711), 666.

wion 111. Ione, 616.

1711111111, 171111111111, Peg. 61, 441.

-· 1116. 61, 417, 440.

-17111 61, 614. ·

- 611171111111.

Wirdeville. 61117116111111.

171111111111111 61117111111111.

1711111111. 61177111111111.

wirham (Wereham), 674.

’1711711111νὶ1 See Werkword.

Wirlinghem‚ Adam 61, 744.

171111131111, 7761111111 (co. 77111171),
481, 744.

7711111111. 611171111111.

1711111111. 611 1711111111.
1711611171. 611 1711111111.

1711111111, 7711611111 (1711611111), 666.

77111116. 611 7711111116.

1711111116, 1711111111, 17111116, 7111116,
7711111116.

-Α6111, 769.

-Δ1611., 194.

- Beldewinue, 164, 606, 606.

- nug. 114, 111.

-011111111,476.

7711111111. See 1711111116.

1711111 See Wileng.

Wieete (wistan), 606.

17117116. 611 1711116.

1711111116. 611 7711111116.

wissant, 61117111116.

17111111. Ι611 1711111.

1711111111. 6111711111111.

77111111, 11111111, 611111 61, 667.

withred, 771, 1077.

1711171111 611 1711111111.

1 77111111111,141111161,411.

1 1111111111. se Wioffingohm.
7711111161, 771117116, 7711711611.
- 11116166.

-61111161, 710.

 

