mun.

1116666616. 86616166666616.

11166666 iuxta Pulchehum (1166166466,
near Pathum), 687. ,

116666666611611. 66, 684.

1161616116 (1116661666), 686.

1166666616. 866 1666666166.

Timor, will. 66, 868.

1166166661. 8661666661616666.

1166666, Phil.. 1078.

1166616 (16666616), 687, 786.

- baronia, mdn 66, 718.

-- neat-gild 61, ccxlv.

- 8661666616. -

1166666 (1161696666), 664, 766.

1166666116 (1616666611), 678.

1166666666 (1166666666), 441.

11666861, Rob. 66, 680.

116616166011666. 66, 606.

Timon. 866166163611666.

1166161, Η66. 66, 604.

11161,1Ὶ661,111166 11666116, 866.

- 1166, 864, 566. .

- 116, 608.

116611666166, 188.

111666, 11666, Rau. de, 867, 868.

1166161. See firmey.

Tiretey, 116616116166616, uitateyiu

— 6661666666.

-.- -- Mauricius 61, 687, 661, 666.

- Mauricius 66, 888, 847.

1116166116. 866 1166666

1161636666, (16116. 66, 868.

11666666, 1161161666, Lucas 66, 886.

11661666, Bau. 66, 460.

1166, ultra 116666 (Teos), 416.

meseia. 866 11616616.

1166666, Hug. 66, 806.

- nie. 66, 806.

Tmou (1666), 161.

116666666, 16166 66, 866.

116611, Will„ 419, 487.

11666611(1166166611), 688.

111666. 866 16616666.
1161116. 8661661116.

116163, 116166 66, 861.

- (1666111666 66, 661.
16616. See 16616

1666). 86616616.

Touo capellanus, cclxxi.
1666166766. 8661661666666.

” 16661666. 8661666661661.

1666666166 (11666161), 467.
1661631666 (7 1666166666), 866.
16666166, 16661 (Tomy), 648.
16661. See 16616.

Tofl. See 161166.

1616661163. de, 6616661, 868.

Testes (1661), 666, 661.

1611661. 8661611661.

uolui, 'l'oky 61. 866 Alexander 111.
1616.

1616166666, (1666161666 66, 471.

Toky. 8661611.

6661666.

1611661666. 866 Thoboltot.

66166166(1666666).’666.

1616166, Gau. 66, 887.

1616611666. 8661616616666.

1616616666. 8661616616616.

1616666616 (rimante), 664.

uolua, 1166666666 (6).

-1111166 868.

161166611ιὶ66, 166 (8).

· 1611666666. 866 1616661616.

1611666661. 8661666616616.
1616616666, 16166166661161). 66, 648.
1666616666, 1616666666, 16166666,
1616611666, ’1161661666 (Tullum),
501, 504. ⁶7⁵.

16166, Tho. 66, 888.

16166666. 861666666666.

161666. 8661161666.

6616166611.

16661. 86616616,

 

