1818

811111-11111.

-(8411111, co. Norlhampton), 884, 888.

- - 1111111111 81, 678.

—— (84111111. 8111041). 604.

—-· (84111, co. Suffolk), 787-788.

- (841111, 11. 8111111), 884, 866.

- (84111, 11. Suom), 401.

—··· (840111, 10. 771411),418.

·—- (841111, 11. 1111111411), 89, 188,
188.

—- 81184111.

84111141). 8118111111).

8111111111 (8411111141), 1018, 1018, 1018,
1018, 1088, 1028.

81111111. 81184111111.

84118111 (8411118111), warda 1411181111111.

841111. 8118111111.

8411111191. 811 81111131.

Ι 8411111111. 811 84111111.

84111111 (84111111), portur 81, 718.

811111111411 (8411811411 8111111111),
880.

84111111. 811841111111.

81111111. 8118411111111.

storteford (84118118), 404.

storteford, 1111. 81, 187.

-8111181841

84110118. 8118411414118.

841411111111, 8114111111 (8118111111), 884.

8414111111. 8118414181111.

8414181111, 8414111111, 81418111, 81111-
111111111111111, 111, 111, 111.

841411118, nominare, 818.

8114111111. 811 stuteville.

81141118, 11114. 81, 784.

- 81181181118.

8418118111, 84188118111 (sentruden),
111, 111.

84144111, 1118. 81, 840.

81118111 (8411118111), 111181111811111114.

8414411811. 81184144118111.

8411111141. 811 8411111111.

INDEX.

8411141111. 811 8111411311.

811111. 81184111.

841111. 8111841111.

sto-2, 8111111.

- 1411111111 81, 880.

-1ο.81,878.

-111111118 81, 818.

— wido 81, 871,

- will. 81, 844.

- 811 stowe.

8411111181111. 8118111111111411111.

84111, 8411111 (84111, 111. Lim), 818,
888.

-(84111,1ο. 8118114), 881.

8411111111411, 8411111181111 (11.
Lim), 675, 688, 686, 888, 686, 785.

84111 8111111. 811811113111.

811181,Βο8.,111.

8411811, Magister Η. 81, 768.

1111111111 (stradam), 111.

841181πὶ, 1111111 11111 81, 488.

8411811111, 111. 81, 884.

8411811111 (muller), 884.

811181111111 (Υ141118 Meurig), 764.

8411181114. Su Smdestede.

811111181, Hug. 81,.170.

8111111118. 811 8411111181

- See statforde.

8411441181 (8411411118), 887, 787.

8411411118. 8118411411181.

stratford (co. 81111), 788, 784.

8411411181, 84118118 (84118118),1111111
81, 78, 080, 784, 741.

strattone, 84114111,84114ο11, 81114111.

- 8111111811 81, 478.

- Rie. de, 808, 488.

84114411, Adam 81, cccvii, 111ιίἰί-
11111111, 1044, 1048.

—- Engohrdus de, 476.

—- 1111. 81, cccxvi, 11111ιὶ1, 1048.

- 11148. 81, 111111.

- nic. 81, 808, 488.

 

