1228

1881888, Adam 88, 158, 150.

Ia 111118 (18881), 558.

18818, Roget, 988, 888.

18188888888, Rogatus fil. Rogati, 850. ·
11881811 0818181181, 810.

1188118188. 888118νὶ8 1881811118.
11111898. 888 11183118.

· 18 1111818 (co. 1881), 1888811881 88, 788.

1111118818. 888181118818.

18 Sale 11881181. 888 1881881818.

1888818. 888 18883.

1888811111. See 18881188.

18887, 1887, 1888818.

-811811811 181, 18 1181888, cclxiii,
ccclxxiii.

—- 1181888184.

- feodum, honor 88, 185, 581, 588, 845.

- (1111).(18,188, 577.

-1188, 88, 11, 58, 81, 87, 100, 118,
181481.

-Hugo 88,. cv, 41, 60, 77, 878 ( ),
8811118880.

—Bob. de, 77.

-118888568

-881 de, ov, ⁷4, 88, 111, 188, 181,
188, 118, 188, (88, (81.

Isaeum. 88818881188.

1888881888, 5811888888, 1181.

1818118ῳό811. 8881888888888.

18181881, 11111. 18, 188.

1818188, Bulls 8818881 1118, 8, 81, cxxxviii.

1811118, Tho„ 8111.

18111881, 11111188 88, 888111.

181888, Rog. de, 515.

1811888, 1185. (18, 887.

1811888, 1881888 (181188), 501, 578.

1888818818. 8881888888188.

1888888188,1888818818, 880.

1888888188. 88818888881888.

188888. 88818888.

1881888, will. 88, 518.

18881. 8888818181.

nmtx.

Inuum 881888 Regis, 818.

1188881888 (1881188188),108.

- 888 1811181888.

18881. 888 18881818.

1888311118, 888 1183811818 Pam.

18881818818118 (1888181811), 187.

1888181881. 88818881818118118.

1811811888, Tho. 88, 117.

188818. 8881888181.

1881881811. 88818νί8888.

1811111888, 188881888 (1881891811), 98,
111818, (81.

1118181888, 1811. 88, 888, 871.

18888818181888181818, Bog. 88, 819.

18118818 (88. Esses), 801.

1818181ιί. 8881811818188.

18111118, 888. 88, 171.

18111118 (hamb), 578.

Lasion. 888 1881888, 18118881 laexin-
tone.

Lutone (1881811), 588.

Layer. 8811183818.

Layatmt. 88811181118188.

1818. 8881888.

1888881188 888188881881.

18858. 8881818.

Leatkerhead. See 1881888.

1888818811. 888 18881888.

hebo, 1818 (mabam), 575.

1881818, 1118888888 88, 1058, 1057.

Leehmpstede (1811188881888), lxiii,

1888881888, ’1111818888 88115. ”

1881881881, Rio. 88, 711.

1888881818 (1881811), 711.

bechin, Henry 18, xliv.

ι 1881188881888. 8881881818881888.

1881888, Ad. de, 151, 511.

Ledbury (881181818νᾶ), lm.

18881888. 8881881888.

18888188, 868.

badecumbe, 1888888158 (lumbe), 578,
779.

 

