1³22

801510101οη, 81111101οη1100, 8100011110.

- Tho. 60, 187.

-17111111116110 60, 187.

811111 11161110 (00. Lim), 517.

suthsexa. 800 81101010.

8111501010 (8001111010), 786.

8111101000 (8011100100), 567.

81111010. 800 81161ος0

81110110. 800 81111000.

81111010. 800 81110010.

81111011. 800 8111101101 8011000.

81111000, (1111111111 60, 454, 511.

—nervi de, 587.

-ωοωωωωω

- will. 10, 111, 111.

81111000, 81110110 (81111011, 00. Beda), 188.

- (8111100, 00. 1101111), 518, 676, 179.

- (81111011, co. 80100), 505.

- (8111100, 00. 11001), 197, 648, 881,
685, 698, 768, 785.

- (8111100, co. 111101),591.

- (8111100, 00. Nom). 565.

- (8111100, 00. Νο0110οψ100), 881,
584, 676, 681, 789.

- (8011011, 00. 801011), 509.

- (8111100, 00. surrey), 560.

- (81111011, 00. 1101000101), 557, 605.

-(00101, ω. 10111110, 101, 010.

80110110 extra hertford (00. 11001),
manerium de, 1016.

81111000, Μ1111110 de. 800 81001000,
810111110 60.

81100110 (00. York). 491, 495.

8001110111(81006“1010,00. 001051),584,518.

-- moniales 60, 515.

·— (Swaffham, 00. Norsolk), 805.

800101016. 800 800100001016.

800100001016, 800101016 (8100110ομ16),
886.

8001000(810011010), 519, 591, 588, 589.

80011010. 800 8001000.

810011010βο111. 810 800100001016.

mm.

8000000000, 800000051000, nob. 60,
195.
8010000510110. 8008000000001110.
8001101000, 1106. 60, 154, 608.
810000100. 80080000001011.
81000100. 800 8000011000.
8100111110. 800800111111301.
smum. 800800000511110.
8001011100. 800800100011110.
80081111), 8110001111, 60.. 850.
80010, 8001101, 800111, 80001111.
— 800 86010 6180011111.
-· 800801111611061. 80010.
- 801 1100110111 111. 811010.
- 800 1110116110 11180001.
- 8001105011110111800111.
-- 800800000171110101111.
Sweinestorp (8010011000), 480.
810011. 800 8111110.
8110101016, Alex. 60, xxvii, m, xxxiii,
xxxv-xlix, 011-00, ccclxiii.

· -1110100 60, mvii.

— 800 8010ρί10 8108161000000.

800101016 (8010131016), xm, mvi.

Smer-sord. 800 8110101016.

8001110301. 80080010101100.

Swertlingoo¹ Sverlinges (8100111119),470,
785.

81001111ολ010. 80080110101111010

80000001οο (8100001011), 00110101, cxxix,
cxxx.

8011010011οω (8001100100). 185.

8101110011. See 8010010060.

80106000, 8111060110 (8011091011), 708, 710.

81010600. 800 80106000.

8011160110 (81010600), 488, 484.

8010010160, 8010010060, will. 60, 615,
707, 719.

8010010060. 800 8010010160.

8010010160. 80080100010160.

8010011000(8101“11500), 510.

8010010060 (8101110011), 417.

 

