1084

14661666, 416166611666, 4661666661666,
(4666661166,1’4666661116), 4, 624, 626,
067.

Abrincatum. 866 41616616.

406666661666. 866 40616666. ·

416166611666. See 46616666.

4661666666 episeopus, 624.

41616616, 4666166666, 4111616616, 46616-
66666, 46666636, 86616666, 1666616686.

-6666616, 66616616 66, 616, 616, 707,
708, 719.

—- Gilb. 66, 640.

- 1166. 66, 616, 707, 719.

—Simon 66, 70, 79, 81, 96,116,101,
184,140, 192, 100. ’
- will, 66, 66, 66, 166, 416, 666, 666.

Aby, Elyu de, 1080.

4666166. 866 4616661.

46661661. 866 46666166.

4661161 fil. 866 Hugo 61. 4661161.

466[6], 411666, 1079.

-6ο.,1079.

46666666166111.

461666, Rog. de, 266.

46166161. 8661166666661.

46166666, unebertus 66, 149. 866
41666566.

4616666, 4666666 11666666. See Mona·
chus.

4616666, 4666666, will, 29, 46, 60, 76, 62,
166, 661, 166, 661, 616, 666.

46166661, 466661, R. 61, 608.

46166666, praepositus episcopi Elymais,
cclxxix.

Aebutius, 46661661, 360.

46661666. 866 461666.

4616166. 866 Lite.

4616 (4661), 761.

4616 (0166611 0611166), 460.

4616. See 41161636

461616, 11666. 66, 266.

Aoo (1166616), 620.

16666.

466666] (1166661616), 170.

4666, 11666116 66, 11661616 661, 96, 476,
409.

4661666, aad. 66, 617.

-—·- 1161666 66, 148.

461616. 86611611066.

·- 866 461666.

-- 866 41661666.

461666, 46161666 (Acron, 66. elsam),
184.

- (66. Suffolk)‚ 691, 662.

- See 41661666.

466. 866 Adam.

4666111. 866 46666111. 4616.

- 866 (1611611166 fil. 4666.

-- 866 0666666 61466.

—- 86611666116661. 466.

— 866 1161166166 fil. 4666.

- 866 Τ1666666 fil. 466.

-- 866 willelmus 111. 4616.
Adam, 4, 572.

Adam (11661666, 666, 762, 1080. ·
-- cocus, 466, 666.

-Pinoema, 600.

· -- 8111666166, 494.

Adam 61. 466, 664.
-- fil. Alfredi‚ cclxx.

— 111. 4166661, 660, 662.

- 111. 11161666, cclxviii.

-111, Falconis, 646.

·- fil. Geroldi (01116), 465, 670.
-- fil. Hugonis, 662.

-- 111. 16666616, 402.

-· -— uxor, 402. '
-61616661166 661.

- 111. 1166666661, 226, 426.
—- fil. 066661, 496.

- fil. Petri, 424.

-- 111. 11666111 (14166661), 660.
-- 111. 11166661, 672.

-- fil. Roberti 116116, 797.
-·- 61. Simonis, 297.

 

