mm·

flamm& 866 8661118166.

867616, 8668111116.

81196116. 6661166616.

- 8668616616.

8111116111. See 86116166.

861161. 866 81111161.

8616111116. SeeBnnburgus.

nayntone (86161611), 784.

86661116 (1.6. 8661161619), 8.

8668656666. See 8616686166.

8661666161. 8668666666161.

8611161166 (1.6. 8611111669), Rex, 8.

86616166. See 86116616.

86661666 (co. 8111161111), munatium 66,
805.

8661116, Vidua, 587.

8611116661, 81166666.

—Gnlf., 888.

-066,116.

8666611666, 8711166, xliv.

— See Bello Campo, 66.

-- See Bellum (1616111161.

8661116166. 8668666166.

8611116166. See 86161616.

8661611611. Su 86116 Monte.

8666161. 8668611611.

8666 711616, WilL, 488,

Boo, 86611, 8666, 8611, 86116.

- 8116161666 66, 867, 868.

-666166661,1611.·

·—- 1161111111 66, 401, 408.

-- Mat. de, 818.

-866116, 188.

·- Wa. 66 (Wa. 661) (186), 81, 85, 84,
87, 50, 54, 80, 115, 888, 401, 408, 588.

---1666661, 76.

-1811166, 186.

-- 8668611. '

666661,6666(ω.6611611),666,161,166.

Meo] 8611611111, Abba 66, 788.

8666. 866866.

M 866 Boe.

866116, Pet. 66, 585. ·

866116 (8666566611), 585.

8661161116 (Bonnam), 561.

8668161666, Petrus 66, 87 , 708.

8661666686 (8616166611), 661.

8661611166 [136. 8611111666] (f 8666169166),
881.

8661161636 (86611166), 788.

Beckford. See Bekeford.

Beckloy. See Beckeleye.

866166. 8668666166.

8661616 (866766), 588.

8666111166. See 8611116116

86616116. 86686166.

Reddimus. See 8661611166.

8611616616, 8666111616,866611161,1711. 66,
oelxxxii, 815, 548.

8611616616, 8666661661 (Reme, 8611),
cclxxxi, 548.

86661616 (8618616), 788.

—- obsidio 66611166, 788.

—- 866866616166116.

86661616, 86661616.

-8118.116, 818.

8611616166 (8166816), 559.

- 0611611161 66 (86118111), 581.

866661666866616161116. 8668661616-
6116.

86668661, 8111161661, Wo. 66, 815. .

Bedegate, (1616611116 66, 1078.

86661, osmundus, 647.

866666616. 86686666661666.

86666661666, 86661666, 866616 (86116166,
eo. 86666), 578, 748.

- 86661666, 86666666, 8666661616,
86661666 (86116166, eo. 86111), 66, 614,

- 706, 718, 788.

8666611616, Tho. 66, 565.
8666666616. See 8666661666.
hadouindo (86616111), 488.

Bodfont. See 8116611161. ⁵
Bellon, 8661. &Budarem ' ·

 

