0111666666. 866 (11161666666.
’ 0166. 86601616.
cronium. 866 0161116111.
0166161666, 016161666, 1116. de, 415.
0166116611. 866 01611616.
0166616610. 866 0161616606.
Crocus. 86601616.
016616, 016616, 166166.
01611, 01661.
-— Gilb. 06, 571.
- Η63. 06, 671, 601.
- 1163. de, 146.
01611 (016]1),Μο166016616 de, 235.
Croflon. See 01611.
01611616, Oreum, 061661, 016116, 01616.
- Mauricius 116, 66, 664.
-— Sim. de, 664.
-— Guido (Wydo) de, 75, 149, [564].

-- —honor de, feodum 116, 551, 610,

611.
01616, 0166, 016661.

quQmmfflww

460.
- 116, 221.
—mmfflffim
— 1163, 600, 601.
- nualdus (11660), 290.
— sibilla, 154.
—Qmffimwm
-- Will. 221, 636.
0161616311. 866 0161661636. .
01616661, 1161610. 06, 666.

0161661636, 0161616360161611616, 016161-

161
- 1116. 116, 650, 660, 606.
-- -- 1116161166, 767.
016166161. 866 0161661636
0161661636. 866 0161661636.
0161661666, Bab. 06, 512.

0161661666, 0161661666 (0166166), 160,

566. ,

0161611166. 866 0166661666.

’1161

0161111661 (0166116661, 66. Β61116),111111.

-- 01666661 (i co. Kent), 655, 664.

0161636 (0161616), 567.

01666166. 8660666166613.

0166666116, 0166666116, aad. 116, 516,
594. ’

- 866 0166116116.

0166116, Sim. (16676.

· 0166666],8161. 06, 576.

016663. 8660166603.

01616663 (016663, co. Lam), 165.

016666161. 866 Τ111666161.

0161161666, 1116. de, 390.

01616, will„ 660.

0161661636 (01616163), 604, 626.

016661. 866 01611616.

Cromen. 866 01611616.

0161616. 8660161636

01161111 1111166, 6611161 86116161-06116161
66111111.

0166166. 866 0161661666.

01611660, 66666 06, 1111, 611.

- 0616616166 of, 1111.

01116 (011611),340.

01666, 1163. 06, 405, 406.

016616. 866 016616.

· 011166, 0116106, 255.

0111361616, 011). 66, 640.
01636166, 1160. 06, 657.

0166616 (Cromen), 567.

0111166, 0161661010. 06, 164.
0161616606 (l Gracilesord), 541.
0161661666. 866 0161661666.
016161. 866 016166.

, ’ 01111666, mide, 106.

0166611606. 866 0166666116.
01661661161163. de, 641.

- Rad. 06, ³41. 675.

- 866 0166666116.

01666. 866 8616666.

j 0110661166. 866 06611636.

0661166616. 866 06616661616. .

 

