Jiintx.

0111111111,111.-11111.

-- 11111111101111111), 11, 09, 07, 40,
108, 105, 187, 409, 477, 694.

-11111, 400. .

«01011, 87, 60, 70, 81, 115, 108140,
401, 477, 888.

-- Phil. 11, 100.

..- Tho. de, 500, 580.

-- 11111. 11, 11, 11, 111, 111, 111, 111.

0111111111, Milo 11, 041.

- 811 11111111.

0111111111. 811 Amyn.

1111111111. 811 0111111.

Dantem 8111111111.

11111111. 8110111111.
0111111. 811 11111111 01111111.
-- 8111111111 01111111.
-— 811 1111111 0111111.
-“- Se· 11111111. 1111111.

- 811 (1111111111 0111111.

- 811 1111111111 0111111.

- 8110311111 0111111.

—-· 811011111110111111.

-- 811 1111111111 Dapiior.

— 811 011111, will. 11.

01111111 11. 811 1118111111 111. 01111111.
01111111 Domus Regis, 808, 811,
810.

11111411. 81101111111111.

1111111111. 811111111111111.
0111111111, free 111111 11, lxxviii.
0111111111111, 0111111111111, 1111111111
11, 015.

01111111 regnorum 1111111111, 1006-
1068.

D'Aubeny. 811 Albeyni.

0111111111 (Dalby), 881.

- 811 011111.

0111111111. 811 1111111111.

0111111. 8110111111.

0111111111. 811 01111111.

0111111111. 8110111011.

1155

1111111111, 111.

-- Comes. 811 Huntingdoniae 0111111.

-- 1111111111, 408, 409, 467.

-- 1111111111111, 05, 04, 590.

navidis fil. 811 1111111111 fil. David.

0111111. 811 01111111.

0111111111. 8110111111111.

11111111. 8110111111.

01111111, 0111111111, 0111111, 01111111,
01111111, Rob- de, 410, 400, 788,
745.

11111111111111,111, 749.

11111111. 811011111.

11011111. 8110111111.

Deal. 8110111.

Dm. 81101111.

0111111111, 0111111111, 1111111 11, 117, 50,
116, 865.

-1111111111 11, 10.

Demens 111 11111111..

Duum 1111111111, 048-705 panim.

-1111111111 0111111111, 751.

0111111111, 601.

0111119111. 8110111111111.

0111111111, 1111111111. 0111111111 (11. Essa),
88, 78, 854, 780.

1111111119. 81111111ρί13.

0111111 maneriorum. 655.

- monetariorum, 701.

0111111111 maneriorum, 655.

011 1111111111. 8110111 01111111.

01111311. 8118111111.

011111. 8110111111.

11110111. 8111111111.

0111111, 111 Vul, 01 Valle, 11111111, 111111.

- Guido (wido), 11, 11, 11, 11, 111,
111,111,111,111,111, 111, 111, 111,
481.

- (1111),, 48, 54, 178, 440, 568, 808.

-1111111,76.

-81ω11111111(1ο.Ν1111111111111111),

’ 608, m, 718.

 

