INDEX.

1888818, 88,-8881.

- 888, 88, 8188188188, 188, 118,
184, 186, 127, 188, 144,174, 188, 584,
585.

v -1118.,848.

1118181881188188.

Muscam, Musehampo, Multo Campo,

’ 11888888, 1188818181).

-8888188, 618.

-— 118888, 888, 414.

- Rob. de, 85, 178, 498, 495, 562.

- - uxor, 488, 495.

-— Tho. 88, 848, 580.

-1818818 warda 88 (co. Northumber·
1888),718.

— 88818888188111.

1188881811 (5188111888), 188.

11888888. 888 1188881811.

1188818188. 888 1888881811.

1188818898. 888 Μ8888818.

11880181, Gali„ 658.

-11111, 884.

1888818118, Reg. 88, 884.

1188188888, 11888188888, 1188818988,
8888818988 88, 817.

11881188. 888 1888888111.

1188888888. 888 Μ88188888.

1888181188, 406.

118818188,118881, 184.

11881818, 118811818.

-118 88417.

- 1181188888 (1981818) 88, 580,
587.

-1181, 88, 804.

—- Wiii. 88, 880.

—- 88818888818118.

1188188888, Magister Rob. 881841.

118818181118, 11111. 88, 898.

nuntiem. 888 11881818.

11881181111111. 88, 575.

11811818, 1111118118 Μί18181818 (Miisord,
88.Ν81·Ῑ81111, cclxxix, 688, 787.

75081.

1255

Μ8188, will„ 558.
1191888888 (18888181) 8888811878.
Μ9118888. See Mitiorde.

N

11188188. 88811818181181 1181881888.
Nasamon (Nafferton)‚ 486.

⁴ Nafferton. 888 1181811818.

1181881888. 8881181881888.

1118181888, 8811181888 88, 587.

1181818888 (ΝαοΙοκ), 748.

-— 888 1181881888.

11811888. 888 Η811881888.

1888188181. 8881119811.

Nun. 8881881898188 18118881.

-- 888 1181888818118881.

11888888118988818, 88181818 88, 145, 757.

1118888188 888188 Regis, 808.

Ν885888891. 888 118118191;11111·8998.

118881189818888 (Η88118917818), 587.

Ν881188888. 888 8888888888.

Ν8881891818. 8881188181888.

1181188881, 665.

1188818888118. 888Η8881188818118.

Ν8881859. 888 1188888119.

1118888818 (Navenby), 588.

1111888188, ccxlii, ccxliii.

11888118, 1188111111(1188888881-8181118),
warda, 648.

&anastasi-Martia. 8881188888.

11888188,1181881188 (Nekou), 1888888,
880.

1188888888 888188 Regis, 809.

1188818, 1818188811 88, 818.

1188811881, 1181811818,1181881818(Ν811888),
688, 888, 786.

1188811898 (1118891189), 586.

11889189. 888 1184181898.

Neen. 88811888.

1181118188. 88811888188.

8 i·

 

