1190

(1666666; (1666616. 866 (161669.

(zosim-ton. See (1666166611616.

(1666616. 866116666616.

(1666666ᾶῆ616 (1166166166), 518.

(1666116666, Tho. 66, 160.

(10666616 (amoto), hundredum 116, 776
(8),777.

1166616166 (06161616), lxxvi, lxxvii.

1166616666 (1166166111), 440, 568, 606.

—— feodum 66, 606, 718.

(1661111616, 1161166166 66, 468, 784.

-((1661611), 468, 784.

(16666616, 11611. 66, 411.

Goseya, Reg. 66, 306.

(16611616. 866 (166616166.

Gosforth. 866 (1666161116.

(16611611. 866 (1116611616.

conpater& (166166, 85, 688.

(166661616166, 487.

(16616. 866 (1616.

(1611661 (1 (16611111), 515.

(166616, 1166. 66, 188.

(161666. See (161166.

(16611ἰὶ1. 866 (1611661.

(405¹. 866 (11116.

Graby 111 Κ6616666. 866 (16611116 16
Κ6666161666.

(16611661. 866 (1661111616.

(1661111616, (1161161611111. de, 155, 610.

(1661166, (16611666, (16611666 (6661166,
eo. 06611) 888, 778.

(16611666 (eo. N 61111616ρί611), 588.

- (ω. 11116),166,164, 161.

-- (66. worcester). 566, 567.

-- 866 (1661666.

(iraham (6661111661), 588, 800.

-.- 866 (1666111661.

Grai. 866 Gmy.

(16611166 Or, (16616 60636, (1666666636,
111111, 481, 784.

(1661666611, Rog. 66, 888.

(1661680686. 866 (1661116601.

monz.

Gmineuby, (1661666111, Hug. 66, 484.

- 866 (1661166111.

(1661666111. 866 (1661666111.

(1661616116, Hug. de, 888.

- - filiu· 11116161, 888.

-- 8660661616116.

(1661661116, (166666. 66, 818.

- 866 (1661161116.

(16616661, 868.

(1666166116. 866 (16666666.

Grammaticus, 1116666116. 866 Riemann
Grammaticus.

— See 11111616668661616611666.

(1666166661. See (1666616166166616.

(16666666, Hugo 66, 487.

(1666616166166616 Ordo (0666161661), 1048,
1051.

(1666616666, (16666166666, Otho (0116) 66,
16661616.

(1661111 Μ66611. 866 (1666166611γί.

(166616166. 866 8666616666.

Gramen. 866 (11661666666.

(1666161666. 86666661661161.

(1661116166 (1166111166), 786.

(16661666666 (Gramen), 530.

(1666111661 (6611666), cxli.

— See (16611661.

(16661166. 866 1116616161.

(16166 Rom, 61661 du, 886, 004.

- 66661666. ”

(1666116, will. 66, 581.

(16661661, 11611, 588.

-11611666, 788.

(1666666666, 681.

-- 866 (16661661 1161166166.

(1666616, 1166. 66, 584.

-- 866 (166616.

(1166616 (cresim), 584.

(1666666, (1666666, (16666116.

-1166.,101.

·- 17116116, 186, 149, 186, 280.

-- See 1166111611118666.

 

