INDEX.

Brandsby. 866 3161166111. ·

3161161111. 866 3161166116.

3161116116, 366. (16, 531.

3161116116. See 3161616116.

316666, 316666, 316666, 316666, 31611666,
3111166, 31611611, 316666, 3161666,
31611666.

- 3111616111 66, 484.

-5ο.66, 168.

-- Phil. 66, 334, 646.

-1161).66,55.

- 11111. 66,111, ccxxiii, 45, 30, 65, 72,
31, 113-114, 118, 131,133, 143, 150,
111, 116, 111, 664, 166, 161 (passim),
473, 556, 535, 631, 654, 733.

- 1161161 66, 631.

316116116116. 866 3166616136.

3161611, 116. 66, 455.

Brauon. See Brattone5 3166111116.

3161111116, 3611. 66, 326.

31611666, 31661666 (Brauon), 483, 483.

1116111611, will. de, 736.

316666116116,316116611116, will. 66, 388.

3161691116. 866 3111111116.

3166116666 (3161111611), 537.

3166661611. 866316616616116.

Ermum. 866 3166616116.

3161161611. 86631661616116.

3166111666 (3166661666), 663.

316666. 866 316666.

31661611. 866 3166611166.

3161, Broy, 3161, 31676.

-6111.66,661,461.

-- Heu. 6661166111.

-111666 66, 363.

- 1161166, 153, 553, 731.

-3611 66, 313.

- 363. 66, 173, 334.

316] (co. 361116), 673, 713.

- honor 66, 514, 651, 663.

31661166, 36111166, 116. 66, 474.

31616. 8663161.

3161166, 363. 66, 65.

31611166, honor de, 553.

Breamore. See 3161161616, 3161161616.

31661116, Τ116. 66, 738.

3166616, 3611. 66, 633.

3166666163, Breohenyog, Breieheniog,
Brekeniauk (Brychea'nioq, 16. 31661-
noch), 761.

-— honor 66, 437, 661.

3166. 866 31611116.

3166116661. 866 3166116111οὸ.

3166116161. 866316111686116161.

3166161616, 3666666366 (16, 476.

3161111116, 31616116, 31616116, 3111116116
(31111),616, 161, 166.

3161161616, 3166661616

-- 111611. 66, 333.

-- - 11611. 111, 336.

3163661616. 866 3161161616.

3161111611. 866 31611611.

3161661611. 866 3166166161.

3161666616, 611111, 317.

Breuington (Burlinqton), canonici 66,
333.

31611166, 066 66, 417.

3161616 (J 31616161), honor 66, 661.

31611 (Erant), 577.

316111. 866 31611.

3166166111, 0611. 66, 246.

316666. 866 316666.

316666. 8663111666.

3166661616, 3611161116 66, 373.

Brerminghm 3611. 66, 263.

31661, 61161661 61, cxlvii.

Bresyngeburne (Braceborouqh)‚ 613.

3161116116, 383.

-3161.16,1075.

- 1111616, 502, 631, 733.

-- 366. 16, 358, 503.

-361, 16, 363.

- Rog. le, 603.

- 6111161116, 1113, 564.

 

