lm

118881888118, 118881888118, 1118818188,
118881881818,1188881888118, 1118588888,
11858118 (Lincolmlire), 15,15,84, 88,
ammmmmmmmw-
581, 411, 415, 584, 581, 855, 857, 575,
588, 585, 588, 595, 597, 745, 771, 794-
795, 800, 501.

- 8811888118 18, 455, 588, 584.

- 81111181 8881118181, 15.

-- 1888ὴὶ118888 18, 514-584, 559, 589,
510, 518.

- 7188888181, 75, 555, 575.

1118881888118. 888118881881118.

118881881818. See 118881881118.

mm

1118588818, 11185818.

- 1188111 tle, 504.

-— Wa. 58, 898.

1118588818 (1111151811), 499.
1118588888. 888 1188811188118.
1118581888 (lindsey), 518.
11858818. 8881118881888118.
11185888. 888 1118588818.
1111111188. 888 1188581888.
11185888, 8181. 58, 178, 518, 581, 584.
Limen. 888 1118588818.
lindsey. 888 1118588888.

1118881818,111888818 (1111188111), 555, 057, “

578, 575, 795, 795, 1074, 1075, 1081.

’ -- 81118581, 8111811881 58, 8188811181
88888ω8ω8ω8
885, 840, 898, 545, 548.

- -- senior, 888.

- Pet. 58, 584.

-- Samson de, 815.

- Will. 58, 841.

1188818118, 0111188181, 557, 575, 795, 795.

-1851811, 855, 575.

- gild· 1818118188, 575, 585, 888,
595, 795.

-— 008188, 755, 1018, 1080.

- 8818118181, 580.

11188818188811 Episcopus, 8811111, 15, 18,
888888881ω8
170, 841, 589, 551, 555, 575 595.

-milites 88118881, 15, 170.

-- 1581181181 1181188881, eiii, 841, 874,
755,1018.

-wmmmwmmb
775.

111188111εή188. 8881118881888118.

1118888111. 8881118881818.

1185818881, 1185811118, 1181111881 (le, 588.

1118581188. 8881185818881.

1188818188 (mahom). ⁸⁰1·

11888818. 888118818818.
11888818. 888118818818.
1118881118. 888 1118818818.
1118818818, 11888818, 1111181111111188118,

—— 01118181 58, 47, 51, 59, 70, 805.

-- 1185. 58, 808, 577, 878.

- nob. 58, 100, 184, 175.

-Μηηκωωω
175.

-- 8811858, 888.

--5118851

- willelmus 58, 857.

11881888. See 11111888.

11888818. 888118818818.

hington (1151188188), 588.

1118811118. 888 1118818818.

1118881818. 888118818818.

11181888, 1111181888, 11181888 (111188), 175,
499, 804.

1181115888, xm

11111811. 888 1118188811111888.

118188811881888 (11111188, 88. clm),
588, 581. .

--(Ι1111811), 818.

- (88. 11818515), 887, 879, 755.

 

