912 99999 999999 99 9999999999.

hors del 19991191 999 99199 999999199991, soient 1911
999 99999 (19 (111 gardeyn (19 99199 (199199919991999
991991999 99199 191 91 99199111919919, 1991 come 99199
(111 91991( (19999991 19 ou 99199 (111 gardeyn 991199-
moignante 19 1199999,11919 come 99119119 99919199999
(19 noz (11199 1911999,199191 99 19 (111 919919 911991991999
99119999991 (19 99991 911 99999 1199999 91 (1999999199
(19 1919 19 9999999999 91191 1911.

Item nous voloms 9919 (111 91991( 9999919 9 99199 ,

1199199199 91 99 999 99999191999 99999199 99, 91 (19 91, 91
9 9999 temps 19199 199 9999999 choses 1999919999999 91
99199199 91 19 9919 (19 91999999 chose 999191. 111911911
9199 99999 911 99(1 119999 99 19 forme 999911119, (19999999

199199 11 911 gre 1911, 91 9911 19 (111 gardeyn de 99199 .

(1991999119 999 199 (11199 9919919999 (19 99 911 99999 99999
pur 99199 19991191 919999999191999999 999999 9999919,
91 19 (111 91991( 9911 (1999199999.

Et des 19199 199 1999199911999999 911 ad 1911 999 99199
99999199991, 991999 19 199999 (19 999 1911999, 91 999199
99199199999919919 (111 gardeyn 91 191 99 19 1999999
999911119, 91 191 9911 91199999919119. 11199919919999
99 9919999 99 199199199 choses despendues en 99199
19991191 91 (19 99199 (19919991999199119999919999999999-
19999911999 99 19 9999999 come il 99191991.

Item sil aveigne par 999 9919 99999999991999199
(1119 (1991999199 9911 99 19999999 9991199 19199 (19 9999, 91
11 busoigne 99 (111 91991( 19199 999999 1199999 19911999991
99999199 99999199991, Voloms 99 99191 9 91 11919
1199999 991 99999919 1999 99 191199 9919919 199991999919
999 qil avem de notre (111 919919 999999, 999199 noz lettres,
999991199991 999 19 (1119 9919919191 99199191199919199
999 999 9999919

 

