mnssx.

801011ἱο, 801010.

-1100.60, 88.

-1100 60518.

-- 1110. (10, 149, 886.

,-ΉωοοΜΜ

80161001. 800 8010001.

80100111, 801οἰ301, soum, Soleygni,
Soeylini‚ Soligneio‚ 801ομ010, Sullinge.

— 1100001100 (Δο0011) 60,185,187,540,
0411550.

-10, de, 81,61, 165, 680, 640.

801010. 800 80101110.

Soles. 800 800100.

Soleyg'ni. 8008010001.

Soligneio. 800 solenni.

80111011. See 8011110110.

8011110110 (80111011), 778.

Solis, 80100, wiu. 60, 815, 711, m.

[S]0ltinges (7 1111700), 741.

8011001000. 800 8010001000.

8001601110. 800 8010110100.

800101, Bog. 61, 254.

8001011016. 800 8001011016.

8010011016,801001010160 (8001011016), 488,
645.

8011101060. 800 8001010011.

8011101001. 800 8000100110.

8000100110, sumersete (80101001), 15, 18,
WMAEMMMMMQmmw
286, 6114, 677, 684, 600, 708, 770, 771,
780.

-11100101110000 111, 540, 541-649, 677,
680, 601, 608, 600.

- militet 0001110100, 18.

- 8011000110 10, 584, 548, 547.

-Μωωωηοηωω
mmmmwfflmw

Somham. 800 811111οη11010.

80001100. 8008001011οο0.

- 800 8010011000. .

8001017. 8008001011.

8011υο00854.

8011011000 1000010101, 888.

8000110160, 8000011110.

- 01100100 (0100100) 60, 891.

—WQQQ

8000101110,Ηο0. 60, 810.

801. 800 80100.

8010. 800 80100. ,

80101, Lucas, 588, 589, 551.

8011116000 (8011011600), 488.

801110. 800 8011110.

80100, 801000, 8001000 (810100), 185,
197, 081, 601.

-811010[11101101] 60, 751.

801000. 800 80100.

80100011 (8106011117), 671.

8011011100. See 80101100.

8011001010 juxta 11000011(8101191000),
578.

80100, 8010, Sor.

—wmmmmmm

-10160000,888.

80101100, 8010011100, 8011011100.

-— Hug. 60, 811, 818.

-nou 60, 717.

-— 800 8101011010.

8010011100. 800 8101011010.

8010110310166111. 60, 184.

8010011100. 800 80101100.

80110110 (Nun 001100), moniale 60,
⁶21.

— 8000011000.

80010111, 800111] (80100100), mmor 01,
cxxxvii, 7 97.

8001100101οο 8008061001000.
8001111011. 8008061010.
801111Μί0100. 800 Μ1011000.

Souehmimter. 800 8010010111ου0.
80011100. 80080110.
8001101010. 800 8011101010.
8001110011. 800 8066000110.
80100160. 800 80010111.

sowy, (10160, 1079.

 

