mm.

8511558515, 555-55551.
-(85515515515) honor (15, 80,158, 558.
-· 1155151515, 878, 887.

8551515115, 7711185, 187, 195, 999.

8515 (Beer), 137.

85155515, 85155 (15, 185.

-· 85551515 (15, 804.

·—· will. (15, 1018.

85551558 (Rursum, 55. 1755551515), 504,
775.

-· (55. 17115),455,551.

—- (8557151151588.

—- forestarius (15. 855 Rogatus 15555-
uarius.

-ouf, 8551551 0151, 85551551 01551,
(memmmwm
818.

8555355, nie. (15, 98.

8515855115, 853. (15, 191.

1155515555 (Bur-hum), 470, 715.

85151555, 775515 (15, 470.

8555535515, 115.

8555535551115β7155. (15, 154.

- 77111. (15, 508.

8555555, 815. (15, 474.

Beronum. 855 85155555.

855515, Lu 855555 (8555555), 557.

85555185, 85511115.

- Agnes (15, 59, 59.

—- 1111511111 (15, 588.

-- Rud. de, 518.

-· 815. (15, 541.

-— Will. de, 51, 170, 411.

85555155). 855 Buruby.

Berewodoue (8551555555), 594.

85551515 (85515555), 57, 71.

85551155, 8555551115.

-- J ο. (15, 1010.

- Tho. (15, 471, 798.

85171875551555. See 8511551515155.

Bag, 17111. (15, 1040.

Bursa, Hugo (15, 818.

lm

Bergeuouy, Bou-goveni (Aberyuvenuy),
1555555 (15, 181, 497.

85131515, 8553515 (8555555), 588, 798.

85115555, (151155. (15, 715.

8551131515. 855 Beruiugehum.

Beriutoue‚Biriutoue‚Wurue1-usde,512,590.

8551515515515. 855 Berkhamputoede.

85515515. 855 85555515.

8511551555 (8511555155), 501, 581.

85515151, 85515151, 8555155151, 8511515355,
85515151, 8515151, 85551515), 8555151515,
855515515[515(15].

- Mauricius de, 87, 78.

- - frater, 87.

- 111515. (15, 57.

-mmwwmmw

-— -- 855 8515551515 fil. 1155511511.

-fflwuuaffimwmmu
wmummmuw.

— will. (15, 198.

85515151 (85115155), 198.

-- 1555155515, 118.

85515151. 855 85515151.

8551515355. 855 85515151.

85515151. 855 85515151.

85515151. 855 85515551.

85515585155, Lucu· (15, 885.

8551551555, 8551555115, 8551555155, 85515-
nire, 85115115, 85515155 (8551575155),
xlii, 15, 28, 81, 4850, 87, 78, 81-14, 107,
mmemwfflffl
mmmmmmmm
mffimmmmm

- 7155555555, 57, 88, 117, 857, 878.

-- Adam 7155555555, 189.

—- 8511555855 iu, 451.

-mfflmmmmffim

85515515551551151555555, 1040.

8511555158 855 8551555155.

8551555115. 855 855155155.

855155155. 855 8551555115.

8551555] (Bauer), 788. ,

 

