INDEX.

Stainsby. 811 8111111111.

Stalburge (8111111911111911), 517.

81111111 (8111111111), 711.

— 8118111111.

8111111111, 17111. 11, 894, 476.

11111111 (11. 1111111111). 191.

8111111111. 81181111111.

- 8118111111. ’

81111111111111191. 811811111131.

8111111111, Ρ11. 11, 571.

8111111191. 8118111111ς1.

Stamsord. 8118111111111.

8111111111. 811811111111.

Stant, Rob. de, 1111.

8111111131 (8111111191), 788.

81111111111111111 (Seannershurn), 1071.

8111111111 apud Alvertone, 767.

- 8111111111,

8111111111. 8118111111.

standon. 81181111111.

8111111111. 81181111111.

81111111 (8111111111) 515.

standene, (111. 11, 104.

81111111 (81111111), 120.

8111111, Rob. 11, 158.

8111111 (11. 1111111418.

81111111, Pet. 11, 1078.

8111111111 Marci. 811 8111111111.

stane, 1111. 11, 115.

11111111(11111110.111.

8111111111 (8111111111 Mam), 578.

“ 811111,Δ1.11, 1078.

—- Alex. 11, 1077.

- Jord. 11, 474.

-Maginter 1111111111 11, 1011,
1011.

-· 1111. de. 1018.

—- Tho. 11, 1078.

-11111111 will. 11, 1011.

8111111 (811111), 567.

8111111111 (8111111111),111111111, 541.

8111111111. 81181118111.

81111111(11. Esset), 577.

-— (11. 1111111111), 785.

81111111, stamford (11. 1711111111), 117,
11011.

stanford Parva, iuxta Angre (stamford

1111111), 577.

stanford, 8111111111, 8111111011, 8111111111,
8111111111 (Slamsord), lxxvii-lxxix,
exli, 111, 111, 114.

- Adam 11, 1078.

- 11. de, 178.

- retr. 11, 169.

- Rog. de, 146, 168, 599.

- Sim. 11, 451.

81111111, 1111. 11, 1110.

8111111111111, 111311111111, (1111111181.

81111111111111. 11, 481.

8111111111 (8111111111), 478, 1189, 590.

, 8111111 (stanam), 111, 111, 111.

81111111. 811 81111111.

811111,1111111 (11. 1111111), 110.
811111118111131, 81111111 (8111111111),
1171, 1185, 889, 781. ’
-— (Stauley, 11. Glauce-ster), 2⁹³, 680,
197.

--Ρ111111,191.

8111111311. 811 8111111131.

stanlege. 811 81111111.

81111111. 811811111111.

8111111111, 8111111111, 171. de, 216.
8111111111 Pam (117111 sumre),
cclxxxiv, 118.

’ 8111111111811111 811811111111.

8111111111111. 811 81111111111111111.
stanpelte, 8111111111 (11. Κ1111), 171, m.
Stansfiaeld. 811 8111111111.

8111111111. 811811111111.

8111111111. 811 8111111111.

8111111111 (8111111111, 11. 8111111), m.
-— (8111111111, 11. Esses), 498.
-(811111111111, 11. Η1111),505.

- (8111111111, 11. Rem), 471, 717.

 

