916 66666 666666 66 cccccccccc.

166666166 61 66666166, fece 16 11661616 16 66166 (16616-
66166 661661666 entre lui 6116 chief 11611116616 66661
66 evera 66616 666 66166116661161 1166666 61 166666166;
666 16 66616 6666 6616616 66 16 dic gardeyn de noire
Gerderobe 6611 16 66 66 6611 166666166 66 6616616661161
chargez5 61 16 chief Β6111166 (16 66 66 161 66666 6661
livere, descherge3 61 166166 661661666 faite entre 16 chief
Β6111166 61 16 Β6111166 16 66166 16661161 6611 6666666 61
1616116.

Item 6666 6616666 66 6116 chief Β6111166 611 com-
6661666661 16 6666, 666 666 1611666, 61166666 6 nuly 16
666 6666 611 61 666666 16 66166 1666, 66 6616666616
gemir nul de 666 6116616666 66 66666166, preigne 166
lettres 6616616616 ceux 66 queux 6666 evome tiele livere
66166616, 666166 666 1611666666666111666661 666 66166161
661661 6116661166 666 666 6666616 Ec 6616666 qe 6661
6666616 66 66616 6 66166 1166166166 66 6166666661 16 ger-
deyn de 66166 1116 (1661666166 666 166 (11166 6616616666
(166 1666 166 6666 166666166 66 66166 16661161, 61 666161
166 661666 16 ec qil 6666661666666 666 66166 6666-
666166661 61166666661 66 666 6166616666 66 66 666
66666166.

Item 6666 6616616 66 66166 chief Butiller 6611 6611666-
. meni chergez de 1666 166 vyne qil 66666 666666, 66166616
666111661166166 genic des 611166 61166 1611666 patentes
166 6666166616 66666166 66 1Ε661166166,61611 ellegge 61666
66166 116666 66 66166166661161611 6611661661666 6616616
(1661666 16 66166 (1661666166 61 161, 66 16 livere 1666666,
eom (1666166 (1666, 6666166666 16 666 61661666 6166666166,
611 66 66666166 166 1611666166616666666661616661666
166 1611666 66166166 16 ceux qi 166 6666661 ensi de lui
666666, 66 6166 66161 6611 6116666. 1116616666 66 166

 

