INDEX.

8601004 (lamentariae, 570.

844, 84, 8046. 64, 561, 662, 802.

8144446, Alex„ 168. ,

8114 (1.4. cha), Rex, 8.

8110111, 77111, 488.

8414141404 (ic. 84404411), Rex, 8, 762.

8444440414. 64, 1079.

8444144. 844 8444144404.

1144614404 (i 8944144), 470, 725.

’84444414 (8644444441), 576.

8444, (1411. (14 14, 514.

84444444, 741044 64, cccxxxii.

8441441444. 844 1141446404.

84974444. 844 8411041404.

841404. 844 84044140.

841611 fii. 844 Simon fil. 841611.

8410441401, 8414041404 (8141144144),
554.

1641446404 (8447444444), 588.

8411044404 (84474744), 496.

1141441411, Will. 64, 249.

8404406404 (86444446), 784.

81414, Will. 14, 1075.

81044 granta, 982.

814. 844 844.

8114410444. 844 8144410444.

811441446 (Aylecsord), 848, 658, 786.

11114414οι (1447474444), 686.

8114441404 (Biston), 517.

81144461 fil. See Willelmus fil. 81144461.

8104041. 844 Ainccurt.

8104144414, 8104414464, will. 64, 190.

81041446. 844 8104414464.

8104414444, Wc. (14, 192.

8104414464810414464,8404141641711144,
289, 676, 471, 472, 517, 726.

8104414164 (84444446), 471, 472, 727.

814414. 844 8414414.

8141416 (7144744476), 409.

81444, 8416. 64, 252.

8141404, 8444404 (flascon), 859, 488,
506.

811404. 844 841404.

8101104, 81014104, 262.

81014104. 844 8101104.

-- 844 41101104.

814004448114410444, (1411. 64, 883.

Eldersfield. 844 816441416.

1116441416, 1146441416, Jo. (14, 1075.

- 81414404 64, 568.

816441416, 866441416, 8164446406, 816444-
1416 (Eldercfield), 567, 656, 662, 684,
444, 144.

8444444144, 8140144404111444814044404,
444, ⁷59.

8004444444 614404 argenteus, 759.

8400441440, 4404441404 propriam 4104,
616.

8400404404, officium, 756.

8440441044104, 756, 757.

8044444404. See 8144044104.

81404 84464114 844 1141404 1144114414.

81444, Rex, 8.

8144410. 844 814410.

811446. 844 01441446.

81410444, 114. 64, 568.

81446 11. 844 Philippus 61. 81446.

811, 844. 64, 255.

81144111. 844 81444 fii. Eiyae.

-— 84484140104618144.

- 84484641104618114. .

—- 844 84144404 iil. Fiyoe..

81144 aurcis testiculis, 288.

81144 fil. Adae, 616.

-111.8440111(Αε4011),426. ,

-61 Galfridi, 264.

81140414, Liber. 844 hiberniensis.

-81464414 844111448140414.

- 81441104 Episcopus, 4.

-·- 844 81440414.

Elingbrige (83146νί694),445.

8110444 (81149), eccm.

81104140, 8111041404, (co. 11447414), 744,
745.

 

