966 88888 888888 88 80800880.

ment de 808 808818 881081881181881811888881 881888
18888881 18888881 81108888 88888 mes venir 88 18-
888818,’881 808818 88[8] 81888088 0888188, 81 88188
villos (88801888188 1888 188 00881888, 81 autres lieux
ou homme verra 88188 8118188, 8011 0818 8888188881
881088 0888 81 1811188 0881 18 1180188188 18 88188881
111088888 fait, 801118 808 temps ou 18 18888818 888
8880881888188 8881881 08 88801881 81 1180188188 18188888
88 188888 18088 18 mois 18 88181 11101181 8808811818 888818
pur 18818188111088888 8110888. 111 8011 0818 qe si 88088
811 88818 888 1811188, 8011 11 881801881 1811088 08 heir 08
8888081088 08 18888 1888881, 818888 81 1881888188 08 888018 ;
81 81 008188181118801118088 18 8818888881, 18 8881 1888 88
88 88 8011, 18 Roi 8881 88 88 181118 8011 18888881 88808818
818818188881 811088, 88888 8188 88188 08 10888 888 18
181118 888088188 08 18 1088808 88018. Et 808118110181
00888818 qe eeaux qi (188088 1888081 8818888818 81
1801888188 18 18 11808118 81880888081 111088888 1811188 18
1088 8818888818, 188881 meismes 188 1811188 monstror 88
Β88088, 81 Ε801188188 188 1100888188, 81 888 188 180881
- (88181888818110888 81 faire 18 8088188 880888 manere.
11181 088 8818888 88 8110888808 88 88 888888 18188 mein-
188881 88888 18 88188881, 8011 18 888881118888 188
Β88088, 8 08181 818110888808 1888881888 88018, 8188881
il 188888 8110888οθ 88188, 81 88188881888811188181 811 88
Eo. 297. soit 188188181 88818 chose (10881 18 88188881 88888 1811.

0883811- Item, pur 880 88 80888188188188 818008188 81 88-
0818881 188181818 181188 81 1180188188 88818 11018118
retourne-bles 8810881 888 (88811088810881811188, 88 888
10881 (18 18 8808118, forsque du noumbre 188 1881818 88
888 880818881; 800818 881 88 81888088 818008818 188088

1808 expresse mencion, 88188 1811188 811 188 881188 088

 

