mnu.

Grasteng (04441414), Abbas de, 484.

(144444144414, (14.14, 744.

(14444,1141441414 14, 598.

— 04544144 14, 157, 468.

(1444414. 844 (1444414344.

- (14444441 (1144444444), 471, 515 (8),
144 (4), 144, 444.

(1444414444114444414846444411(1444414),
(44441414, 487, 554.

α-1444414414414, 8411.

. (14444441, Bia. 14, 471, 505, 725.

-— 844 (1444414.

(14444444. See (14444441.

(14444414441. 844 (14444414441.

(1444444414 (6444444441), Hospitalis 14,
568.

(1444441441, (1444441441, 1444441444 14,
870.

(1444, Grai, 1144. (14, 108, 118, 180, 585,
587.

-114444 444.

- Rog. 14, 187.

-111414, 541.

— SeoGrey.

Grayndorge. See Graiu de Or.

Great Totham. 8441411444 Magna.

Greenford. See (14444414414.

Greenkythe. 1144441144.

(1444447441. See (14441441414.

(14441. 844 (14414.

(1444144411. 844 (1441144114.

arestone. 844 (144844.

(1443441111. 844 (1111144144 (11. Gregorii.

—- 844 Gregorius fil. Gregorii.

- 8441111111. Gregorii.

Gregorius, 444, 444.

-- [vicecomes Londoniae], 558.

-111, Gregorii, 558.

- vm, Papa, 1045.

-- x.,1>5pa, 1044.

(1443444 IX, Pope, xcix-ei.

-11411414411

75051.

1181

(14411444 in Κ4444141444 (Graby 14 14414-
44441580.

(144114. See (144414.

(1441441414, (1444441414, nie. de, 844, 585.

--· 844 (1444441414.

(144141444, (1441414444, Rog. 14, 285.

(1441441114. See (14444114.

(1441114444 (0141444), 800.

(1441144114 (0444144411), 800.

(14414. 8441144414.

(1444444114. See (1414444454.

(1444141414 (7 (1444441441), 578.

(1444144. 844 (14441444.

(14441444, Bog. 14, 887, 880.

-114 14, 884.

(14441444 (amdan), 588.

(1444414414. 844114444414414.

(1444444444. 844 (1414444444.

(14444451. 844 (14444411.

(14444454, Eudo de, 588. =

Grenesforde, (1444414414 (Greenford),
cclxxxiii, 548.

(14444414. See (1444441414.

(1444441414,(14444414,(14144441414,(141444414.

- 1114. 44, 44, 44, 57, 55.

-414 44, 55. 44, 44, 115, 444, 444,
(44( ).

- See (1441441414, (1444441414.

(1444441414, (1444441414 (6414414441), 478,
555.

(14444114 (6444414114), Portus 14, 715.

(144414, Ρ41. fil, 485.

(14441454434. See (14414541344144.

Grentemenyl, Grentemesnillo (Grand
11144411),144444 de, 587.

(14444444441114. See Grentemenyl.

(1444144141 ((144414144144), 518. ,

(14444114, (1441441114, (1444441114, (14414-
41114, (14441114, (14444114.

— 1144144114( 14, 85, 154,

-(1411.14,897.

-1144441, 44, 444.

ΒΒ

 

