1110 mnu.

361666. sec 36166. ¹ bigod, 86-6661.

366 (1.6. Becco), 8. -- 366.. 487.

3666666661, 3616616161, 3661666661, 166 —Hcgo¹ Comes Bago, nugo 16, lxxvi,
cm &mmmmmmm

3666116666, 36666166. 866 36116 Campo. 618, 646, 651, 658, 686, 766.

36616666, 3666161116, nug. 66, 680. -16 866 36661,

366166. 866 36116 chc. —· 3616166666, 388.
36616616. 866 36161616. ·- nob. (1161616), 108, 167, 6811, 766.

36661661. 86636116 Monte. -Bog., Bog. 16, comc- Regem, lxxiv,
3666661, ,45566 66, 801. 1666666616, cccxxiii, 76, 78, 81. 115,
3666616. 866 366666. 188, 141 (8),148, 164, 886, 888, 411,
3666, 361166, 0661116 66, 848. 476, 478, 478, 501, 504, 608, 587, 568,

366666616, Bog. 66, 181, 188. 577, 586, 757, 766.
3666616616 (36666169), 688, 495. - -·- 6116, 888.
36666166. 866 3616616686. -866666, 844.

3661116, 1166. 66, cclxxiv. -wi11., 887, 788.
3666111. 866 31616. Bigoc 866 Bigod.
36616611. 866 36666611. Bigcci 1666616646.
116]1ο66,(1611.66,169. , 31661616 [36166166] (3116166, cc. suff),
Biboyc, Bcb. 66, falconarius, 465. 785.

3166661666, 3161161666, Wc. 66, 856. 316666 (1.6. Deam), 504.
316166. 866 3166. 3116 (3161666),680.
1116166166. 866 31666166. 31666616066166666666, 188.
3161166666. 866 1111666616. 311616. 866Βί161636.
Bicrc. 866 311666. 1111161666. 866 31161666.
3166661666. 866 366661666. 31161636, 31661666, 311616.

Bidefcrd. 866 3666166666. ·- 11666666 66, 540, 548.

Bideney (131166), 798. — 116666.. 161, 689, 595.
3161666. 866 36611666. 1116666666 (3167666666),1’616166, 5811.

3161666166. 8663666166166166, 3166616666161. 66, 576.
31666. 86631666. 31166666 (1116166166), 784.

31666 (1666161666, 3666661666, 3616661- 316666166636666578.

666 1166616666 36661616 66), cclxx, 3116616666166166, 474.
cclxxii. 310, 666. 616666, will. ce, 661.

...- cccccccccc. 3116666696. 866 3116566616.
.- 31666, 3166616. 66, 87, 58, 88, 3116666616, osbertus dc, 761.

cc‚104,109,cccccccccc. nilcho. 6666666.
316666616,361661666 66, 881. 3116661666 (3116166, co. 86611660.
313661666. 866 3161661666. 3116566366 (3115666696), 684.
31666166661616166666161. 31166161. 866 36166666.

31666, 31661, Rygot, Bygcd. 1611661666, Clericus 66, 18.
...3666606 3666. Su Argentum.

 

