mnu.

11666616, 66,-6661.

-- Tho. de, 279.

-- 116. 66, 979.

- 11111. 66, 666.

- - filius, 396.

1166661. 86611616616. ·

11611666 (11161166), 690.

11616666, 1161666116.

--· Eud.. ³23.

— —- 116161 ejus, 696.

1161666116. 866 11616666.

1161666661. 866116666611616.

1161666116, 816611. 66, 666.

Fretheby (Freeby)‚ 746.

11611166 (1.6. 1166161116), 116166.

11111611. 866 1161116111.

1666661666. 866 1166111666.

1666166166 (eo. 16111766.

1111616169. 866 (11636.

11166166. 866 11616166.

1116611166. 866 11111666.

11166166. 866 11661666.

66616166116161666 [quisuit] 66611111),
Rex, 6.

1116166. 866 116661666.

1666616161, mercatores 66 Florentia, lxxvi,
mm

11116, 11111. 66, 667.

1161116. 866 11666111.

Fl'lfflby (Nubit), 522·

11161666, 1116611166, 11111. 66, 499, 493.

mmmm, 1033.

1111666 (116166), 764.

116666 61. 866 (1111161161 61. 116616.

11636166 616111616666111, 668, 631.

11611616, Wiu. 66, 996.

116116, Ad. 66, 601.

11616166, 11166166, will„ 374.

1161161666, 1166661666, (11111. 66, 967.

1161161, 116161, 011161 66, 639.

From, will. 66, 978.

116166 (6619111661), 646.

11661166 (1161116166), 619.

11616666, nob.. 1077.

--. 11111, 641.

11666616. 866 11666616.
11666661666116661161666, 1116. 66, 976.
116616 11116161. 866 16616 11116161.
11611, 116, 369.

1166661666. 866 1161161666.
11611111611611166.

“ --· Laureae de, 1079.

- Roget 66, 963, 990.
11661116. 8661166116.

, 16666161661166166 Regis, 311.
¹ Fruges, 11111. 66, 616.

1166661611111, 604.

11666616. 86616616616166.
1116, uxor 16116161 66, 619.

1161611. 8661111666.

1666116 (11616161166166166, 979.
16361116. 866 1611161116.

1611666116 (1611666111), 696.

16111661. 866 16161166.

1611166161. 866 1611111166.

—- 866 8611161116.

1111116166 (16166616), 696, 697, 630.

1616661161. 866 «16166666 61. 1111611611.

- 866 N 1611616611 61 16161161.

- 866 8611111661. 1111611611.

—- 866 1666661666 61. 16166611.

1616661116. 866 1111361116.

16166 11661161, 666.

16166616 fil. 866 Adam fil. 16166616.

-- 866 nugo 61. 16166611.

- 866 0611611116 61. Falconis.

16166 61. 11166161, 146.

- 61. warini (6161161), 69, 110, 196,
mmwfflmemm
607, 679.

- 61. 1111161611, 696.

1616116611, (1611. 66, 341.

1616666666 (1111111616). 166.

1111661666 (1611666),666.

 

