1324

1511555111. 8551515551.

1511515515. 855 1511155515.

15115551. 8551515551.

151155,15515115, 1515. 55, 405.

Tuus, 640-7055555155

15151551. 855 15155155.

15151555. 855 1515155115.

1511115555, 15155155, 5ο. 55, 249.

1515555555, 1155. 55, 200.

155151551ιί5, 1555155555 (Tenbury), 567,
605.

155151555ῐί5. 85515551551515.

Tampinmne,copintone,cmptone‚Gema.
de,616,708,719.

1551155515. See 1551155155.

1515555155 (1555555111), 701.

1555515 fil. See 1115551555 fil. 1555515.

1555155, Heu„ 540.

- See 1555515.

155515, Bag. 55, 045.

- 1151151555 55, 079.

1553515585.

- Phil. 115, 197, 692.

.·-- nie. 55, 424, 505.

Tange (Tonqe), 751.

Tange. See vonges.

Tangele, 15555155, Phil. 55, 1022, 1020.

15515, 155515, 155515, nuni, Thuy,
Tonay, Tmy, 15111, Tomi, Tomi,
Tomy, 15551, Tony, Touni.

— Β515. 55, 490.

-511515 51, 115, 111, 115, 155, 551,
527, 654.

--111.,100.

- 0551551 (0555155555) 55, 00, 00, 044,
053, 695, 731.

—- Hasculfuu 55, 70, 701.

-1155155, 00, 10, 500, 100.

- 115515, 11, 55, 555, 151, 555, 551.

— 1115. de, 505, 595.

·- Rog. de, 50, 92, 110, 102, 496, 592,
605.

mnu.

1551[5]1555 (rhemmon), 471, 725.

numine, 1555555505.

-- 0515555515555, 540, 529, 002.

-feodum 55, 550.

1555555. 8551511555.

1115555ηο15. 8551555555115.

1555155. 855 15551155.

Tantalon (15515155), lxxvii.

Tanton (Tawton), 570, 000, 000.

1551555, 15551555, 1555515115 (Tantalon).

— canonici de, 540, 549.

- 85515551555.

15555. 855 1155551551515551.

Tm. 8551111115.

15555151555. 85515555151555.

15555519. 8551555551335.

1555515, 11155. 55, 214.

15555151515, 15555151555 (1151115551040.
555, 551, 555, 551, 155.

Tarriuq. 855 15111535.

Tarvetone. 855 1555515115.

1515555555 (15555511),551.

1111555515, 5555 55 01155, lady 51, cxliii.

151555515151555515, 1511555151155. 55,
111, 111, 115, 515.

1515555555, 1515555555, Nic. 55, 250.

1515555555. 8551515555515.

1511551555 (1551595555),111.

1511555511. 85515551555.

151115951555. 8551511531555.

raama. 8551551555.

Tanton. 8551551511.

1551151555. 85515115155151.

15151555] (TeaIby), 521.

1551515511. 855151151511115.

1511515115, 55 1511515115, 55 1511515515,
1555151555 1155151551).

-11155,15,55, 55, [15], 55, 55, 55,
112, 121, 161, 250, 251, 555, 675, 690.

-- walterus 01111119, 40, 250.

1555, walt. 55, 205.

1555155. 855 Tantone.

 

