1175

8515511515, will. 55, 488.

85115355, 1151115115 55, 188.

-· 11111. 55, cclxxxiii, 548.

85111515, 85115.

-1551555,888.

-- will. 55, 484, 558, 558, 585.

8511535, 85151535(8511·119111),554, 885.

851115. 855 85115311.

8551155, 1111515155 des, 878.

85155555. 855 851555555.

8515555155 (8555515595), 804.

8515555515, Gilb. 55, 880.

85151555. 855 8511535

85151151511111. de, 808.

851155, 851155, 1111155, 818.

Ferraria. 855 8111151115.

85551115. 85151115, 85151115, 85151115, 851-
mina 851515.

-- (151555 55, 81, 88, 85, 84, 85, 88,
108, 108, 111, 118,118,118, 185187,
188, 148, 178, 180,188, 184, 885, 488,
588, 551,568, 585.

··- 15511. de, 88, 118121, 150, 585.

-Hugo de, 188, 188, 144, 158.

—- Sim. 55, 587.

- 1151115115 (8555558555) 55, 108,
885, 580. ·

- 1118515155 (15515555888-840.

- -- pater, 887, 888, 840.

- 11111 55, 155, 555, 555, 145,
808 (8).

-- milites comitis 55, 81.

-- terra comitis 55, 81.

85115. 855 85111515.

851115, 851515, 515.

8511155555. 855 8515115555.

8555511155. 855 8155111155.

855555815555. ·

-- 11111555511511, 575, 578, 784.

-- Rob. 55, 887. Ι

-—- sibilla 55, 575, 578.

- 1151515115 55, rumix·

111888.

855555. 8551155555.

8551511155 (55. 0511115511), 818.

8515151515 (co. Lince), 877.
8515111155, 55, 1078.

85535155. 855 85135515.

8553515. 8558513555.

8515155551. 8558555555111.
8151151, aad.. 188.

815555. 8558511155.

8115, 11535511 5511 51, 5555 55551111.

8111155. See 81111155. 1

81711155. 8551181155.

81111155, 815155 (wald), 578, 580.

81711155, 815. 55, 887.

81111111151085.

81155555 (7 8111151511), 488.

- 855 81551555.

Filby. SeeFileby.

Fileby (81155), 408.

88351115. See Fulgeriis.

81115155. See 811151.

Filius 05151115. See 8511115111 811115Ι
Comitis.

ffillgeriir. 855 8111351111.

8111511. 85581851.

811151, 8111511, 8111511111, 81151.

- nard„ 555, 555, 511, err, 151, 115.

-- 815. 748, 748.

8155515555. 855 8155151155.

81551155515 (Pindum), 748, m.

Finchigefeld (F iuchingfieffl), 578.

Finchingfield. See 815515ςοί1115.

8155551355, 8155115135 (8155515595),
1111115515.

8155551 (8111911577), 588.

’ 815551515, 8155111515, (11111. 55, 558, 807.

81595511. 855 8155551.
8155151 (8111515111), 507.

8111915171. 8558158151.
Fuuu comitatus, 848-705 passim.

, -115551551,774-777.
ι 811555. 8558115551.

 

