10000

8010101, &ee-cont.

-- Rob. 00, 105, 158.

-1- 11111. 00, 01, 100, 101, 150, 101, 010,
268, 488, 488, 500, 530, 550, 550,
708.

- 800 80101101.

-— 8008001010.

8010101100, 8010101110. 8008010101.

80101000. 800 8010101.-

nomme, 8111010110.

-- 0100110110, 670.

-- 00011000, 0000, 683, 708.

-110100, 148.

- 800 80101001.

8011101. 800 80111010.

80111010, 81111110, 8000011010 (8011107),
11010010,οπᾱο, 563, 606, 718 (8), 711.

8011101οτ. See 80101101.

8010001100, Rob. 00, 843.

Ι 801110νὶ110 (7 8011100011), lxxiii.

8011110011. 800 8001001110.

80111101. 800 80101100.

8011010υο (8000100100), 567.

80110ςο (800110), 578.

8011100010. 800 8000300000.
8011011010. 800800000011001.

801111] 8νὶ000. 800801080001030.

Botulfesbruge (8010188010μο), 589.

80000000. See 8010001111.

8011011011. , 800 8001000.

τ·- 800 8011010οο.

801000. 800 808010.

8001110300οι. See 8011111ος110ωεί00.

8001010, 80011010, 8111010, 8011010, 8011-
110108001010.

“ -Βο0111000,408.

- 1100181110. 00, 485.

-1100.00, 603.

--8011 00, 65, 87, 88, 111, 116, 117,
118,180, 188, 158, 154, 170.

-- 800 8010001. ’

-- 800 80101101.

80011010. 8008001010.

8011100110. 800 80100110.

8011110110 (8011011), 735.

80110. 80080000.

1011001010. 'See 0011101011.

80110110, 8008111000.

80000ογ (00. 8110110), 815.

8000101, 8000001, 800. 00, 108.

8010117111, 581.

8001110110. de, 411.

- Mat. de, 240.

-011101 00, 345. 853.

-- 810011. 00, 549..

Bovis fil. 800 17111. 01. 80010.

80100011. 8008110000.

8011000, 8011000.

--001100888

-- Will. 00, 836.

8001110000. 800 Butorp3 Torpe.

8000, 11111100, 361.

80001100, (1111110110 00, 163.

8000, hundredum 00 (00. 8110000), 303.

8001080, 8001οἱ0 (800100). 018, 681,
751.

-- 1110000111 00, 681.

-- 1111110000, 766.

8001010. 800 8001ομ

800100. 800 80010310.

80001000 80001110 (800100, 00. 80000),
0000111110. ,

—- (800100, co. Snffolk), 478, 570, 590.

- 800 80001000.

80001000 (lintea), 556

800100. 800 80001000.

80711110. 00, 00.

8001011. 800801010οο.

80111111, 811000, 8000110, 80000, 8011000,
800000.

-8001000, cxliv.

-- 810, 358, 540.Ι

- 1101, 111, 000.

—- ling.. 158.

 

