1101 ,

Bassord. 866066616666.

0661666616,06661666,066616666166,0666-
16666166 (066166666166),6116, 66617,
99, 94-90, 59, 59, 71, 90, 91, 109, 195-
199, 919-991, 464, 670, 689, 586, 690,
695, 700, 798, 779.

—- Laurentius, 6666161666666, 69.

-—- 1116666666, 17, 59, 71, 90, 670, 696.

- 8666666166 in, 464, 569.

-Ι66616171666616, 599, 599, 575, 609.

—hundreda in, 777.

-- perquisita 66, 777.

Bedsordshire. 866 0661666ιί66.

066166. 866 0661666,

0661631616, 06611616, 0661316166, Adam 66,

. 180, 189.

06616666666, Ad. de, 994.

1966161666 (Euaimon), 569.

0666611666, 063. 66, 106, 169.

0666661666, 0666161666, 0616161666,
(namium), 548, 677, 766.

0666166166. 86606666616666.

Bedwin. 866 0666661666.

—·- 866060566661666.

0666666660. 866 0666666116.

066166. 8660661666.

Bm 116616. 866 Bere.

Reman. 866 06161666.

-· 866 0667666.

066666, 0666616 (Β616616),1166οι· 66, 96, 56.

06366166, 0661666676 (06666666), hun·
666666 66, 661, 776, 799.

065166666, will. de, 949.

0611666, Beyford (0661666), 651, 789.

Ι0606161666. 866 0666161666.

0616661. 8660661166.

06161666(0666166),191., ,,

061616, will„ 959.

06161666, 766.

0600606161095. ¹

... 866066, .. .

mni

. 06161066, 015. (16, 948.

0616. 866066.

neuburgo, 0616651616.

- Hug. 66, 459, 619.

-176, 66, 619.

06161666 (06666666), 697.

0616606116 (106665666611), 97.

0616656666 (Bonnam), portu· 66,
715.

0616666116, Will. 66, 964.

0616666611 (10666611), 744.

0616666116, 0666166116 (66. Kone), 616, 709,
790.

- 866 0606666116.

0611631666, 01666 66, cccxxx 6.

Romamne, Enetum, 0666166 66, 466,
594.

061, 76. 16, 696.

0616666, 06666, 579.

06161166 (0616166666), 560.

0616166666. 8660616166.

Belooldrei. 866 0666666666.

Belegu, 061666 (066166), 566, 567.

0616666166. 866 0616616.

06166, will„ 796( ).

0616611666 (Bakhum), 694.

06166666. 866 06166616.

1961661666. 866 06166066

nolet.

——Almdus‚ 67.

- haereo 166166, 461.

-- «10, 99, 107, 119, 197, 143, 9976911,

’ 519.

-- 11666666, 666.

, — 11161661, Magister 51161661, 17, 50,

164, 661, (66, 661 (6), 666, 666 m.
- 666467. . -
-- nob„ 66. so, 101,102‚12⁵, 166, 66,

’ , 166646.
·, - 77111, 67. u, ,55„,210, 666, 466,
- 866066616666161161666691·. , “’
,ἑ - Sanina.

709.

 

