INDEX.

01011000, 810-00111.

- wa. 04, 41, 101, 104, 111, 401.

-- 800 01011000.

0101010110, 0101010110 (0111101001), 566,
571.

1100101010. See 0101010110.

0001000104. 800101010010101101104.

0101000160. 800 0104000110.

010110 (0100), 491.

01011001. 800 01011101.

0101001. 800 01010010.

11101100. 800 00111000 ; 01011000.

01011000 (01011011, 00. 0100110), 136.

- (00. Combe), 520.

—- 800 01011000.

01011000. 800 01011000.

010001041000,0100111041000, 01111. 110, 365,
445.

0110110000, ccxlvi-ccxlvii.

0000010100, 564, 565, 572-574.

0001000011 Redditus, 797.

0001100000. 800 0100010010ηο.

01011000, dominus Alex. de, cclxxv.

Drifleld (01·111010),676, 790.

010014, will. de (will. le), 284.

01010 1000014, 228.

01010010 fil. See 00001104 filius
Drogonis.

Droitwieh. SeoWieh.

0101000010111, J 0. de, 1010,

0104000100, 010. de, 589.

- 800 0011000110.

111001, Simon, 880.

0100101. 800 01000110.

,01030014 fil. See 0101001401.

0104, 11011. 110, 798.

1110101. 800 0101111110.

01000110, 0100101, 010101.

-- nugo de, 146, 598.

-- 11111. 00, 110, 000, 504.

011111, 1000 110, cxliii, cxliv.

0011110,ον.

1161

1 0011110001, 0110110. 8000110100.
³ 000, 00110, 799.
0001. 800 001οἰ00.
0010011110. 800 0000001110.

00111101οἰ11, 00001010, Ηο1.110, 278.
0011111ος1001 (00οᾱ1011001), 748.
1 00000010 (11111001), 599.

0011010ςο (0011101), 1101101110, 560.
00001010. 800 00111101οἰ10.
00110010. 800 0000010.
0011041000 (1101141011),1011101 110, 019.
0011011110. 800 0000011110.
0011101000 (0000101100), 528.
0011101. 800 00001010. 800 00110·
lega.

0111101011. See 0011041000.
000110. 800 00101110.
1 001000110. 800 0010001.
0010401111, 0010000010 (00010011), 581,
1 410. ’
’ 001101, 010, 800.
¹ 001010, Α10004, 588.

00100010. 800 11100010.

0010100, 0011111114 110, 085.
0010010100 (0011011010), 580.
Dum. See 000.

000010. 8000000010.
00001100. 800 00001100.
0000001110. 800 0011000010.
000000011110. 80000100011110.
³ 0001111010, 0011. 110, 2110.

·— 000010, 010. 110, 99.
000110011110. 800 0011000110.
1 000, 000.

—- Godefridus 110, 077.

·—· Rob. (10, 837.

-- -10001104 filiun, 837.
-- 0101011004 (10, 20.

-·· will. 110, 262.

00000010 de, 816.

- 010. 110, 256.
-Τ10.110,804.

z2

 

