1192

018111111,51.-101(1.

- 11851118 58, 54.

- Nieh. 58, 54, 488.

-- Bia. (18, 154, 475, 479, 559, 507.

- -— 518188, 456.

- 1105. 58, 991.

- Tho. (18, 108, 168.

-- will. de, 144, 498, 489, 547.

·- — uxor, 459.

1118181818, 0181811111. 811 018118.

018818, 018118, 01811811, 01181878,
0181181831, (1118811118, 0188818111, 01818-
1881, (11111188 (0118189).

- Abba 58, 69, 69.

-- Engonulfuu 58, 965.

-- 1181. 58, 470, 795.

-· 1185. (18, 190.

- Reginum (18, 887.

-1111 (nob. de), 81, 111, 114,11⁹,
124, 141,159, 160, 055, 419, 518, 554,
589.

„... Rog„ 568.

- Will. 58, 571, 5117.

’ -- 8110188818.

0111781, 811018818, 0188818.
0118819501. 81108181135811.
0181118111, 01811838. See 018111.
01111011. 88101881813.

01811018, 11011. de. 406.

01118, 0111. 51, 604.

-- Phil. (18, 519.

01818 (01811), 604.

01811015. 811 01181015.
01811118. 811 01811118.
0181018. 888 01811018.
01111011. 88101811018.

01811018, 0181018 (0181101), 105, 178,
835, 534.

—- 8110811815018.

01811118, 01811118. 811 01811011.
0181, 50. 58, 185.

-- 8110188.

mnu.

Gnynville. 811 0111τὶ118.
01101, nob„ 795.

-·- 51. 11110115, 609.

01111, 17111, 588.

(1111158111, 0111151115, 01115115.
—- 1105, 655.

--WiII., 155, 175, 550, 505, 510.
0111115815. 811 01115815.
081115110ομ. 811 Gringeltorp.

¹ 01118111118181] (Grimby). 519.

- Abba 51, 511, 599.

- canonici (18, 557, 675, 705.

- ferm· 11, 811, 181111.

-Prior 58, 160.

-- 101858, 795.

(1111810018, 1105. (18, 718.

- - 11858111 uxor, 788.

0111111818. 888 0181881851.

0111181858. 881018181858.

0111881018(οή1111011, 00. 511111111),589.

0111118851ιὶ8, 01018858138 (0118115811),
10118.

0511011018 (0118111011, 80. 17811011),
744.

0108151111. 811 crimmeebiria.

Grimby. 811 Grimesby.

0111181858, 17131111 58, 50.

—- 8110181811158.

0151110111. 81105181101810111111811018.

0111111518, 645.

01111111, 1115. 58, 981.

01115581, 1105. 58, 798.

0111811818, 0181111118, 0115. 58, 190.

0111811818. 881811811818.

0511811011,οη13811010(01111518οψ),
samso.

Grinyley. 881 0131881888.

0111111805. See 0181811158.

0118. 8110811811180111.

0118818111 811 (118118.

Groily. 81111011Ιὶ1.

arom. 811 (11011001.

 

