1240

Malmesbury, 61116116, 88.

- milites 61116116, 605.

11616 1116616, nugo 66, 146, 480, 588.

1161616611, 1166161,116616],1’61. de, 484,
488, 566, 556, 560, 5616591.

- See 1166161.

11116 66611, 6666616161 66, 765.

11616 1166611666 66, 184.

1161666, Lucas de, ³50.

Μ61661161, 11611, 357.

1161666666, 1166666661, Μ6161166661,
Μ66616661.

-- (1611, 66, 414, 636.

-1161616 66, 584.

-116664, 666.

116116661611611163616.

-- (1611, 169, 545.

-11111., 666.

1161161461. See 1166461661.

1161456. 8661166616.

Μ611666 (Mallon), 116661 66, 430.

Μ611161616, 1166661616, 56, 03, 107,
605.

Malum Alnetum (1161666661648.

116166 1666161166, will„ 481.

1161111161, Rob. 66, 765.

1161161616. See 1166161616.

11616646. See 1161161616.

1161661616(116166111), 568, 656, 668.

-foresta de, 568.

Μ1166664. See Mamignot.

11[611161]161 (morville), 66616616 116, 764.

1161611661,11661166611661666611611166661.

-66116111, 164616, 166161.

--16166616

-- -- 11616616, custodia 66, 475, 617,
116,161.’

-- feodum de, 135, 646.

1161111661. See Mmignot.

166661611666166611616666.

1166166616, 1116, 1073.

mandaville. 86611666611116.

mm

1166661166, 1166666666, 1166166116,

1166666116, 1166666116, 1166611116,
11616611116, 1163661166, 1166666116,
1166661166.

- comes 66, 587, 780.

-111661166 (61661666) 66, cclxxxiii.
66, 66, 166, 666, 464, 666, 641, 661, 664.

-- Galfridus 66, Comes 6616116166, 87,
66, 66, 66, 44, 66, 66, 161, 166, 166, 666,
646, 666, 461, [166],466,661,666,666,
708, 704.

- honor 66, cclxxxiii, 543.

- mg. 66, 326.

--· Pet. 66, 515, 571.

-- 161. de, 170, 461, 611.

- 11611. 66, 153, 417, 481, 540, 545,
558, 769-771.

- Rog. 66, 866, 881, 635.

-· Tho. 66, 345, 355.

-111111, 66, Comes Will. 66, 38, 80,
661, 666, 666, 166.

1166666166, cclxviii.

1166611116. See Μ666611116.

11466614 Regin, 648-705 passim.

11666161616 (116κηί661616), 484.

11666116, 6661661166 66, 864.

1111161116, 11611. 66, 433.

1166661666, 1166666666, 341.

1166666661. de, 86.

1166161666. See 11616161666.

1166666116. 8661166666116.

Manningford. SeeMageneforde.

11666, Episcopus de, 486.

- Gilb. 66, 606.

- Wa. 661, 2⁸2.

Μ66661, 11666661, 1166661.

-- Heu„ 620.

- aad„ 170, 619.

- nob„ 414, 461, 466, 661.

—- 116, 670.

..„ 11111, 666.

1166116166. See Β1661, Manassen

 

