mum

1515955555, ἆορ-5551.

- manasset (Mamer) 55, 615, 616,

707, 708, 719.
-1111155515155115
1555955555 (1559555, 55. Esses), 508,
759.
-- (1559515555. Devon), 558.
155955555. 855155955555.
1559555555515 (11559555 Hau), 588.
15595555. 8551595155. ’
1559515511, Elias 55, 259.
- 1159. 55, 555.
1555951555 (1559155555. 171111), 488,487.
1115951555 Parva (111115 15599555), 489.
15595155551159. 55, 597, 622.
1559515155 (15591555), 157-
-- (15591555,115155), 162, 558.
1559515555, 1115. 55, 226.
1559511555 (15591155, 55. 85915111), 409.
-(155. Π55551), 780.
- (co. Suffollt), 409.
15595155 (1559551155), 583.
1559515 (1559159), Abbas de, 745.
-- (1559159, 55. Norfolk), 745.
-(55. Ν5515555551555), baronia 55,
588.
- 1515951595 (1559159, co. 11555),
551, 551. .
- (eo. 1155551511), 612.
1155951595. 8551559515.
hangeleye (1511915955. 115515), 787.
—- (co. 171115), 486.
155951591155555 (1 1559115195), 785.
1559555151111111. 55, 512.

· Langenheme‚ Hamo 55, 478.

155955555515 (15595515), 797.
1559551155. 855 15595115,
1515959551 (15599551), 470, 785.
1555951555, Rob. de, 551.
-815515 55, 798.

langatone (1559155), 525.
- (1559555), 566.

15595151, 1515951511.
-Ηιι9.55,409.

-1155.15,555.

-- Bob. 55, 888.

1155951511. 85515595151.

15591555. 8551559515555 1555951555.
1559555. See 1559511551.

1559159. 855 15559515, 1555951595)
1555951595.

1511955551 (1559555511), 612.
15599551. 855 15159551,1559οροῐ1.
1559155595. 8551559559155595.

1559155. 855 1155951555.

1559155, Wa. 55, xvii.

-- 855 (1515555555 Episcopus.

15591555, R. 55, 494.

1559555511. 855 1515955551.
1559555559 (1559551559), 690, 796.

1559551559. 8551559555559. ’

15555 (155515), 799.

155195515555, 1159. 55, 466, 566.

1555151555. 8551595551515.

155515. 85515515.

1555555115, Rob. de, 971.

15515559. 8515515515.

15511551551955 (1551955), 612.

15515515, 15515515 (15515559), 285.

-- 05555151, 680, 695.

1551955. 8551551155.

15555. 8551551955.

155151. Semelam.

15555151. See Lnnvnley.

Lauvalein. See 15595159. ’
15555159, 1551151515, 1555551515, Lan·
valei, 15555159.

- 11115. 55, 148, 488, 557, 877.

--155155 557.

-- Will. de, 858, 188, 518, 528, 548.

15555159. 855 15555159.

1555. See 1111115155.

15951. 85515Ρ5115.

1591555. 855 15951515.

 

