lm

144441441414 (co. 8414414), 142, 477, 480.

1441144114. 844 1441114114.

14411414 111. 844 1141411114 111. 1444414.

144441, 1114. 14, 511.

- 8441444141.

Menos. 84414444.

144444114,.14144444 de, 240.

1444441114, 411144, 04111. de, 584.

14441114. 8441141104.

1441141 4141141144411, 415.

Maon. 844Μ444.

14414144414114. 84414444144411414.

14414114414114. 8441444411441114.

1141411441414, 14444144414114, 144141444-
hune, (1104141144 de, 180, 457, 506, 507,
588.

1441141411. 844 1041411414.

Mera, Will. 44, 266.

Mem, 14414 (Meer 741411), 271, 784.

—- (44414), 247, 488, 664, 720.

14414, 1441411, Μ4114, Μ4141, 1441411.

- 8411414144] de, 138.

- Heu. de, 174, 500, 601, 575, 578.

-4ω4ωωωω,

-— See 8111114114.

-ὼὼῃωω

-184 de, 572.

-ΜΜΜΜΜ

1441441. 844 11414114141441441.

1441411. 844Μ414.

1411441141, ccxlvii, 564.

1441411414114, 1441111144114, 14411. 44, 414.

144141. 844 14414.

1441411. 84414414.

14414. 84414414.

14414444. 844Μ4144441.

Μ4144444 (44414411),484.

1441414, Μ4114 (44411) feodum (14, 688.

Μ414114,14414114114 (44411414), 562, 770.

Merewelle. 844 Μ414114.

1441144114, 1441144114, 114144 de, 860.

-- Rog. 44, 508.

INDEX.

144114. 8441441414.
14411444. 8441441141.

Μ41144,Μ4111141, 14411444. -

-Μωώωωωωω4
165, 811, 544, 545, 608.

- —- 11411. 10144811.

14411144. 8441441144.

Merinlle', Bog. 44, 671.

1441114. 844 14414.

1441144, 1141.. 460.

1441144104, 14411441414.

- 1141414114444,642.

-QQmmm

14411441414,Μ41114411414 (1144141401444,
586, 614, 706, 718, 742.

144111414144, 41411. de, 402.

Merkintone. 844144141111444.

1441141. 844 1441141.

14411444 (1144144),444.

1441141, 1141141, 1441141.

- Gali. (14, 328.

- Milo (14, 145.

—QQQQQQQ
606.

- 1141. (14, 178.

'-—wmffiQm

Merleberge‚ Tho. de, 1080.

Merleburg'us. 844 Μ41141411.

1444414144. 84414414141114.

Μ41141. 844Μ41141.

1441141 (co. Norlhumberland), 11414414,
feodum 44, 606, 718.

41414414. 844 14414144.

4441444. 844 Μ414414.

14414414, 1441414,14414414 (41441444), 500,
508, 579, 580, 788.

Mer-stou. 844Μ411444114.

1441414114, Petr. de, 887.

1441444441411. 44, 324.

-1114 de, 505.

1441444114 (44414444, oo. Lines), 518.

- (Mar-stou. 44. 8411141444), 780.

 

