1Π6

3616666. See 11616666.

3616111161 (66. Essem), 505, 507, 530, 739.

361616. 866 3111111166.
3611616, Tho. 66499.

36111616, 16. 66, 505, 5311,
Bothum. See 3616111161.

3616116166, 3611111111.

-- 366. 66, 262.

-- will. 66, 162.

36111616. See 3616116166.
36111116161101. 66, 459.
36111116, aad. de. 465.
3616606366. 866 3616160666.

3616666111, 1033.
36666616666, 1033.
36666911 361696. 866 Burgus.
3616111116. 866 3111616116.
361, 36111616, 363.
3666161611, 644.
3666666651, 066 66, 462, 464.
36665611016, 3601611016.
-- 11611. 66, 637.
--· -36.111.,337.
- Will de, 337.
- — 1166. 111, 337.
36666, 3111616116 66, 157, 379.
—- 31661166 (16, 331.
- Hug. 66, 131, 157, 212, 215, 473.
--· Jo. 66, 200, 520.
·-- 1111611, 66, 636, 642.
---111611. 66, 622.
-- 3116. (16, 154, 559.
-- 3611661616 (16, 623.
-- 361). 66, 607.
’-- will. de, 611, 666, 161, 646, 666,
661, 666, 611.
36166 (1616161, 106. 66, 636.
-.- 06156111, Ten-icus de, 216.
-7-.- ῌ61656161, Fratres 66,Ι 506.
- 36111116 [16. 1111111116], Sim. de, 323.
-—— 36116111, 316. 66, 641.
-- 366161, wiu. (16, 540, 559.

11711311.

Ι 11666116 36166161 (1061116616646.

3666116111 (co. 8166666), capellaria (16.13,
34, 34, 72, 93,113,113, 147, 554, 654,
666, 666, 666.

3666161016, 36161016, (16116166 66, 661.

36661166. 866 1166611111.

36661016. 866 36661106.

3661616106 866 366611616106.

3661616. 866 3661616.

3661616, 3661616, 3661611666, 260.

3661616, Heu. de, 636.

36661016. 866 36661016.

366161. 866 3111616116.

3661661111. 866 3616666110.

36161161, 361061, 36161161, 31116061, Bo·
111161, 361116161, 3616061, 31111061.

-- nug. 16611, 166.

-- J0.‚ 322.

- Petrus, Petrus 16, cclxxxiii, 543.

- 3116. 16, 536.

-- Rog„ Bog. 16, mlxxxiii, 646.

„- 1116666166( 16, Dominus 1111661161666
16, cxxv, 771, 977.

-- will. le, 153.

—— (1661111166 du, 932, 936.

- See 3616161.

-- 866 3661616.

- 866316661611

36161161. 866 36161161.

36161161161101. 66, 574.

3616111661, 16. 66, 635.

36161161, 0011. (16, 646.

3616161116. 866 3616161.

3616161, 3616160116, 3616161116, 36161666,
3616161111, 36611616, 3111616.

-- Alanus, 646.

- Alanus (1116666 66), 64, 163.

- Albreda 66, 153.

- Gali, 303.

-- Hamo, 663, 663.

-- Rad.¹ 365. .

-- neg„ 666.

 

