1326

mnu.

18811 81111118,1,88111,8811-88111, 1118188188. 888 11118188,

451-468.
1881811. 88818118881118118.
Testor. 888 [1118881181181.
1818811118. 888 1811881818.
181181. 888 18118818.
18181138, membrum de Wexeumbe (88.
11’08),188.
18118818 (181881), 588.
1811811118. 888 1118111118.
1811811811. 88818188818118.
1818881818 (Telmun), 604, 784.
1881811111. 8881118118.
1881881888. 88817818.
18811118. 888118811118.
'feveresham (1888181811), 185, 680.
181118 (co. 118118), xliv.
181188 1181188818, ccliii.
Teya, Teye (Toy), 501, 578, 180.
18118118 (Τ118811811), 188.
18118118. 888 18118118.
Teyngi, 1181. fil„ 587.
18181888, Drogo de, 616.
18188. 88818188.
1111118118, Hug- 18, 481.
1181818118. 8881118181.
1181888818. 8881118888818.
1111888. 8881111188.
1181888818 (morth), 1111, xlviii.
118881111888).
- Albi 1181111811 18, 88, 888, 686.
-1118818, 708.
118818 (88. Oxou), 514, 615.
Τ18181811111,81118, 198.
1188811811. 88801818881118.
118111. 8881181118.
1181118. 8881111118.
118818. 888 181118.
1118111118ρί88. 888 1118181888.
11888. 88818818.
11811888. 888 18118118.
118188. 888 08111181 1181111.

1

1181183818. 888 1881188818.

11881811 (88. 11811181881811), 68.

1188111188 11888188, (11181188) walteri,
lvii, 111, 111, 1811118888.

- —- 888 18181181, 1188111188 18.

-··- fil. F 1110011111, 1189.

- 111. ovim, 486.

1188181188 1111111811. 888 1188111188
1111881111.

1188181118. 888181811118.

11881811881118. de, 1011.

11881881888. 88818818.

1118111811. 888181181811.

1181118111, 0181118111(1Κ1“1·111111)ι feodum
18, 877.

1818188181101811888181888818978976.

- —— apud Dublinum, 876.

188818118188 Regia, 766, 811.

- 8888881114.

1118818888 Rama, 811, 818, 1081.

11811811. 888 1818111111, 11811811.

11811811, 1188811, 1818118 (11811811),
888, 788, 789.

- 888 1818111118.

1118889818. 8881888811818.

11881111818811118, 1181. de, 684.

Theman. 8881881888.

1881111811, ccxlvii.

181111181811, 466, 568-584, 578, 578.

11111111,17.

118188. 88818188.

1111811. 1888111111.

11111118. 8881γ1111.

1111818188. 888 1138181118.

1111881118. See 11818811.

1111111818. 888 1111111811.

111118, “ultra 11111881” (18118), 416.

- 8881188.

1ὴί119181. 8881181888.

1111111818. 888 1811181111.

11111811. 888 11811118.

 

