1854

willelmus-conl.

- 81166161 (16111), 999.

-- - (16 0116661666, 961.

-· 81. ’l'oroldl (16 Ρ668166, 916.

- 81. 11616181, 696.

- [81.] 1116116, 1979.

- 81. 1116161161, 181, 887, 571, 598.

-61 1161611, 210, 616, 664, 166, 666,
899, 868, 889, 888.

-- 81. 1161161 (0661161), 497, 515, 777.

- - 866 willelmus 81. (161161.

- 81. widonis, 969, 999, 946.

--· 81. wigain (Wignni)‚ 390.

- 81. willelmi, 44, 54, 88, 80, 101, 999,
886, 571. 578, 594.

- 81. willelmi (16 cliftone, 517.

-- 81. wimundi, 960.

- 81. 1116616, 456.

-116161 Comitis, 616161 (limitis Re-
6166181, 969, 969.

--· 616161016616, 665.

*1661116611 11, 66, 656, 664, 666,
664, 661 (n).

-116161 188, 797.

11816616666166, Tho. de, 616.

willemundeln (Wynwndley), 507.

11186686, 1118686, 1111686, aad. de, 491,
495, 598.

1111666166. 866 1186681166.

1111166186. 866 11861186.

1111166. 866 11116.

11111186, 1161686 (1118666566, 6686116),
564, 594.

1188686166, 1161111. (16, 909.

1181166616. 866 8186686861 666 816-
61116686.

1181166166. 86611166116668616.

willinylon. 8661181161666.

- 866118161661666.

1188661666. 86611116161666.

willingthone 86166. 8661186861666.

1181161666 (1181166166, 66116116), 786.

mmlx,

1181666856. 866 1186686.
- 866 1181686.
-- 866 11616116.
-- 8661186116.
1181116856, 86161116, nnnxxxi.

wilminylon. 86611816161666.

’ 1186161666, Rob. (16, 466, 569.

wilmintune, willingtonu‚ willingthone
96166, 1111661666 Panna, wlmintonn
Parva (1186166166), 66, 614, 706, 718,
768, 749.

1111161616, will. 86, 969,

1181666116. 866 wiltesira.

1111166116, 1161166616,1181666116 (Will-
61166), 6611116, 14, 19, 99, 61, 45, 57, 68,
64, 65, 78, 74, 89, 114, 115, 190, 151-
1661666641, 616616, 466, 461, 646,
mmmmmffimffi
661, 664, 666, 144, 116, 111, 111, 166.

-- Arnhidiaoonun, 1040.

- 86666161 ’16, 95.

- Inquisitionen in. 481-499, 605.

- 8611666116 16, 466-469, 496-468.

- 1166601866, 19, 65, 89, 849, 664, 685.

1111166116, nob. de, 946.

-Τ8ο.616,948.

wilton. 8661181666.

wiltune, 8661. (16, 499.

11816116, 118166161118166, 66. 1166666661),
159, 987, 498, 879, 785, 1079.

wiltonia. 866 11111666.

11816616,11816616 (wilton, 66. wilte).

-- 616166, 46616666, 14, 16, 66, 46,
57, 85, 78, 89, 114,190, 159, 989, 481,
665, 694.

- -- militen abbatissa, 19.

- eomes. 866 wintonia comes.

1111161166. 866111116ιὶ66.

1186111666. 86611816161666.

111166. 8661111111.

Wimbledon. 866111166681666.

wimbnldonn, Rob. (16, 479.

 

