mnu

6616616116-66111.

- Rogatus 061166, 060.

-- cecilia 0611111666, 70, 00, 101, 186.

66161616161611, 6611616161616, Episcopus,
11111,10,04, 41, 49, 66, 74, 86, 110,
QOmQQmffl
770.

- episcopatus, 41, 40, 760.

--11111166 406.

—· 1161111 Episcopus, 1041, 1040.

- (1116611111 Episcopus, 070.

—· 1166. Episcopus, 166.

- 1166. 66 Μ616661616, 61661116,
700.

661616τᾶ1166. 8666616161616.

6616ςὶ111. 86611616161616.

6611111610.

6616116116. 8666611666116.

6616661616. 866 6111161616.

6611616. 8666616161611.

1161161616. 866 1161616166.

661166, Alex. 66, 000.

661161, 1116. 66, 114.

6111161, ccxlvii.

116111, 66111.

- (1611. 66, 080.

—- 661. 66, 640, 701.

-11611 66, 161.

- W[lll.] 66, 040, 880.

— Yvo 66, 100, 180, 680, 684.

- -1666111, 100.

66111. 86666116.

nerim, 1161. 66, cclxxxiii, 640.

6611611111. 866661611111.

6611616 (Harlow), 616.

-1161616611111 66, 716.

6611111161, 1111166, cccxli.

661166613611636116 66, 60, 006.

6611666, Gllb. 66, 404.

-1666610

6611611611 (1161111661), 480.

1161161111. 866 6611661111.

1 6611611616 (11611166), 604.

6611611111. 866 6611611111.

6611611111, 6611611116, 66116111, 66116111,
61. 866 ch. fil. 66116111.

- 866 willelmus 61. 1161161111.

1161166116. 866 1161161111.

1161111311, Hug. 61. 1166. 66, 66111.

66111116161166. 66, 311.

66116111. 866 6611611111.

6611116111 61. SeeWillclmuslll. 1161166111.

Hmnamwor'tlay. 866 66111666611611116.

6616161616 (4111116166), 001.

11611116]ὁμ 866 6111613661.

Hermodecwortha, Hermodewrthc (1661-
mmorthy), 000.

66111666111116. 866 116111666111611116.

66161. 866 66111111.

6616611006.

116111. 8661161616.

661616, 6111116116 66, 101.

661616, 16. 66, 07.

661616, villa 66 (1111161), 468.

6616116116 (cc. Suffclk)‚ 611.

661161316. 8666616111516.

6611616166. 866 1161111616.

6611616116, 116. 66, 100.

6611611666, 6616116116 (cc. Kent), 017,
710, 701.

6611666116 (66116611), 686.

6611161616, 506, 170, 774, 780.

-66111611166,110.

-1161161661111 66, 116.

-— 11611161161166, 110, 114.

6611161616 061166, 141, 167, 080.

- 1116616116 Comes, 410.

- 8660161106116166.

6616616666, 66111616 (Herlcfordcira),
(1161116νά6166), 14, 17, 00, 00, 00, 08,
66666666611
61ω666ω6ω61
mmmmmmwm
mmmmmm

 

