1301 111161.

&amrium 11611616-66111. 1 8661161. See 8661161.
---6116111)65116661, 315. 1 8611611616. 866 8611161116.
-- 866 8161666611 8661611161. 1 8611611616, nadulfus (16, cclxxiv.
86611611 (816]116111). 431. 861616166611616, 861616166611616. 866
866116601116. 866816116111116. P Esooruhevilein. ¹
8661111116, 8661161161, 86111616, 86611611, 1 8616611666(66.06611),6166611661116, 138.
8611111616, 8666111116, 1166111161. 1 8616661611, 8666611116 (8166116661),
- (1611. de, 533, 588. 1 861.
-6616116 111, 116. ¹ 611166161166111616.
-—- 1166. 116, 35, 43, 61, 333, 401, 702. 8611116166 (8111111111 519·
— Hugo 16, 11, 61, 166116, 111, 666, Schin'ntone. See 1111161616.
511111. Ι 8611611616 (811611661116661661116, 184.
-61611, de, 66, 66, 666, 661, 111161. 1 861611. See 366111.
— 1116611611. de, 318, 319. 1 8616616111, 8616611616, 8611161116, Rog. de,
- 11111.16,16,61,66,11,61, 166116, E 403411.
161, 666, 111, 661, 661, 116. ¹- 6661161611.
8661616. 866 8611161116. 86161666 (81111166),801.
866166, 866166 (86166), 311, 101, 113. —- (81111166), honor (16, 11, 33, 108,
866166. 866 866116. 130.
86611616. 866 8611161116. - 866 81111166.
866111, 86161168666116, 866166. 8611666166. 866 sireburne.
-11611.(16,314,100,113. 1 - 866 811611616166.
- 1116. 1161111418. 1 scireburnia. 866 8116161616.
-Βο11.116,741-146. 861161666, 811161666, 81161666, 86111666
-- Rog. de, 501, 621. (chen-aton), 315, 101, m, 113.
866111. 866 8661161111. 1 8611161666, 8161161666, 861661666, 81116-
866116111 (8661111), 161661 61, lxxvi. 1 1666,861111161666, 81161666.
-1866161111145, 1 -1116111111
8661161116(8661116161),513. · -11611116 1119.
6666666616, 611116, 161. · - 1161. de, 66 66, 61, 66, 6ο, 166, 161,
6611116666116(6661161616116. 1 6116166116.
86661116. 866 8611111116. · 8611161116. 866 8611161616.
86611116. 866 8616111116. ¹ 8661116, 8161116, 8661116, 86161116 de, 13,
8661111616 (8161111661), 191. 1 110.
86116ᾱί66166, 8610611616 (8161161116), 481, 8661661616. 866866161661.
514. · 866166. 866 866166.

8666611. 866 8611116111. 1 Seoleghe (1.6. 81616 1166161113.
86666156111116116161011. 11 scollandus, 18.

sceftesbiry. 866861166111116. ‘¹ Seoreheboef. 866 866161161161.

8661111111, 3. 8661616561, 86616161616, 86616160661,
8661166. 866 (1116116661. ι 1161116833.

8661666116. 866 8616161611. 11 -81666, 816166 de, 1811( ).

Ι,

3

 

