880 11888 1188888 88 8818811118

Ι)8818188 181888 88188188.

[aL] 11818, 88 88 garde (1818881881 les 88118188 (188 1111118888
81 8881 8818 88818888 811188 (1818881188 18 Roi, 81 (188
Waslz, 881818818188, 81 8888118 8188188 88 188 18188188 18
Roi, 81 188188 maneres des 88118188 8811111 181188 88 fyn
del 88 81 Ε881188181 (188 lym, 8188188188818, 81 (188 ”
188888 1888818 (188 188188 81 (188 1111818 881181881881888.
Et 8888111881 188 88118188 18 11181888 881 188 justiees (18
18881 (18 188118 Bank, jusliees de forestes 81 (188 88188,
888111 188888 88881, 18811888 (188 assises 81 (188 deliver-
888888 (188 gaoles, 81 881188 18811888 88 8888818818, 81 8118
881881, assignes en resume, 8811 8 811 81 terminer, ou 88
88118 1888818. Ε1 quant 118188 88118188 8881 11181888, 11
1811 18118 hors les 8881888888 881 yeeles 8 81188888 vis·
888818, (18 88 881888118 88 11811118818181 188 (181188 18
Roi, 81 devoir meismes les somounses 81 Ε881188181 881
888 88818818, 881 88881818 rendre de meismes les (181188.

[38] Ι)8 8888888811 118 111188 88 18188 81118888 818
88118188.

Et 881 88 88 hors de 118188 88118188, 8881 8881 881-
amount 8888188881 188888 8 regard, 8881 1888 188
. 8881118188 81 (181188 888 818 8881881 88 (1881881118 81
Ε881188181, (18 181888 18 118181 888 8888881188; 818881
888 11818 remembre 88 08811 888818 81 888188 118188
88118188 88881 181118, (18 188188 188181818Βοί 81 818 881,
nede 888 8888881188,18 88818 chose semble 8811818811
necessarie de estre remembrepar 81888818 enehesouns3
88188188181188 188188 188 88118188, 888188 88 8188 soient,
ou de queu 181888 88 8188 881881, 81 8881 88 1Ε881188181
8 Everwyk‚ 88 8 Weymouslier, ou en Tresorie, si 8888888
8188888881 88118 118188, 81 1811118 (18 81888888 8811818 881
181, 88 1181 88818 8881181 881 88 81818818 18811818, 8811 8881181
88 un 18818 88 novel qi 8811 appelle Remembrawnce des

 

