mccx.

0111111011. 811 0111111011.

chariton. 8110111111011.

·- 811 1611111011.

011111111117111. 61. 187.

-- 81181111111.

011111111111. 81111111111111.

Charpcnvilc. 811 1111111111.

011111110111. 811011110111.

0111111111 oi bibcrticc, 11111 11 111,
ccclxviii.

0111110111, chartusiae, cartusiensi· ordo
(Cicrtericmc), Fratres 61, 648, 649,
111, 1111, 1011.

Charini, chartmy.

- Phil. 61, 269.

- Ric. 61, 216, 259, 168.

01111111. 8110111111.

chartres, 11011. dc, 998.

0111111111, cartusiensis 0160. 8110111-
11111.

01111111. 8110111. 811 011111.

06111110. Sec 1111111.

011111ίί1111, 0111111011, 0111111111,
0111111011, 0111111111. 811 011-
tello.

chat, Heu. 10, 158.

0111711111 01111111. 811011110 (1011111.

01111111, Jo. Pinccrnc 61, 626.

01111111 (meatim), 578.

0111111. 811Κ11111.

0110110111 Abbcy, clv.

01111111νί111. 811011111111111.

chance. 811 0110111111.

0111111111 (Coc-c), 099.

0111111111, 0111111111.

-- nug. 11111110.

- Mat. 61, 976.

-· Bob. 111, 618, 661.

0111011111. 811011111111.

0111611116. 8111111611116.

0111611111 (i 8111111111), 641.

0111131. 811 chgy.

1137

0111111111 (0110191111), dominicum Regis
dc, 69, 598.

- 11111111, 11, 11, 111.

0111111111111. 811011111111.

0111111111111111 611 8111111, 902, 930.

01111111111111, 0111111111111.

-- 11111111 61 11, 878, 900, 936, 912,
114, 111.

-111111 611 101111 61 11, 900, 966.

- 611 11 ln, 952-961.

- (11111111 611 toules 6111, 968.

- -- 8110111111111.

01111611. 811 Campo Florido.

0111111111. 8110111111.

01111111. 811 0111011111.

0111111011, 0111111111. 811 0111110111.

01111. 811011011111.

chancy, 01111111. 811011110111.

01111111. 81101111111.

01111. 811 011011111.

0111111111, 811161, 616.

—- 81101111111111.

01111111, Gali. dc, 028.

0111111111, 01111111. 811 0111011111.

01111111, 81111 61, 274.

011111, will. 61, 806.

0111111111. 8110110161.

0111111111, 0111111111 (10. Snffcii), 867.

0111111111. 811 chippenham.

01111111 (i 0101111111), 682.

0111111111. 811 016611.

Cieddarsord. 811 0166111016.

011111ἅί1111. 8110116116011.

01166111116, Η11. 61, 692.

011611111111. 811011611111110.

01161111011(01111·11191011), 298.

0116116011 (011661191111Μ6.

Cinciam. 8110111111.

01111. 81101111.

0111111, 011110, Wiil. 61, 269.

0111111, 01111111.

’ 11111101101111111,11111111.

 

