· 1180

Brut-cont.

-- 811 Brito.

-· 8118111111,11.
8111111111, 8111111111, 011. de, 407.
8111111111. 811811111111.
811111, 81111111, Bretoyl.
-- Agatia 11, 589.

- Hug.‚ 689.

- 1ο, 014, 708, 718.
-1111.,111,111.
81111111. 8111811111.
81111111. 8118111111.
8111111111, Hugo de, 320.
— 1111111, 594.

Bretinghurst. 81181111118111111.
81111, flag.. 588.

- 811 Brito.

8111111, 8111111, (111111, 415.

8111111. 811811111.
8111113111111811111311111, Brettinkerst

(1 8111111111), 617, 710, 721.
811111111111. 81181111113111111.
8111111. 8118111111.

81111[111111] (811111111111), 459.
Brenn. 8118111111.
Bam quod camerarii nihil 1111111111

talliis 1111111111, 078.

- 11 Liberata, 976.
-1111111 1111111111 libertates mag·

1111111111, 979.

8111111, 8111, lv.

-- 811 81111111.

8111111111. 811 81111111.

8111111. 811 81111111.

81111111. 8118111111.

811111 fil. 811 nadulfus 111. Β11111;

Thomu 1118111111.
8111111, cclxxvii.

-- Aquarius, 104, 807.
—— 1111,804.
·-111.81111,734.
-11.111(11111, 77, 188, 141411141111.

mm

Briburo‚ Dan. 1181111111111, 804.
8111111111. 81181111111111.
8111111. 8118111111.

81111, 811111 (Bina), 501, 171804.
811111111[1]1111 (1811917111), 788.
81111111118111111111181111111111), 688.
81111111111111, Alex de, 580, 581.
8111111111. 81181111111.
8111111111111 (8111111111), m.
8111111111. 811811111111.
8111111111. 8118111111111.
8111111111, 11111. 11, 514.

8111111111, 8111111111, 811. 11, 407.
8111111111, 8111111111, 811. 11, 480.
811191. 81181131.

Bridgenorth, siege 11, 11111. ·

-- 8118111111.
81111111(811111111), 551.
Bridlington, 1111111111 11, mi.
8111111, will„ 185.

Bn'dport. 811 Brudiport.
8111113811.

811111, 77111111.

8111111111, 811. 11, 104.

- 811811111111.

8111111111. 811 81111111.
8111111111. 8118111111.

Brige (811191), 496.

8111111131 (81191111), 588.
8113111111 (8119111111), 788.
8111111111, 1008.

81113111. 8118111111.

81111111. 811811111111111111.
81191111. 811 Bn'gelegu.
Briqseock. 811 8113111111.
81131111. 811 81111111.
8111111111, 8111111111, (11111111 11,
110.
81111. 8118111111.

· Brimpefleld. 81181111111111.

Β111111111(18111111111),784. '
81119111. 811 8111111111.

 

