11011.

nolet. See 80101.

80101160, 8011. 60196.

-- 8008000111610.

80111101. 800 81100101.

8011110πο (8011119101), 805.

8011111010 (81111016), 488.

80101110, Eustachium Comes, 758, 754.

-- —· 110110 uxor, 754.

- -- 11111 1111111111. ¹

-81010011110 Magnus Comes, 758,
754.

- --· 1611 uxor, 753.

- Eustochiae (Algernuns), Comes, 768.

-Stephanus Comes, 766.

- 'theobaldus Magnus 00111011, 767.

-- - 8011101111 1111110, 767.

80101101, Comes, 118, 468, 688, 800, 8113,
805.

— 1100101611 filius Comitis, 767.

-00011 00111110, 468.

- 1011[1]11110 comitis, 468.

8010111, 1111101610 (Ηο11111610) 60, 616,
708770.

-—· 8110111110, Pharamusus, 8010111010
&mmmmm

-— -11010601 580.

-8111111060,169. ·

——- - See 1100100.

- 770. 60, 477, 586.

-77111 60, 877.

80101110, 8011011101 (80110910), honor,
ccxxvi, 51, 161, 166, 141, 169, 174,
Μωωωωωω
611.

8011110 (7 8016101), 465.

80100001. 800 8010110110.

80110111. 8008011067,

80110111, 80110111, Ad. 60, 489.

801101. 800 80111010.

801100, 50. 60, 1078.

Bolum (801011),δο101111 60, 566.

-- 800 800111.

1111

80110. 8001101111.

8010101110, 1110, 1678.

8011011110, 8011011111. See Boneville.

Bonoheshnm (1 8011011011), 478.

8016001110. See 80101180.

8011001111νο. 8008001110.

8010100110, 8101001110, 183.

8011011101, 800 80101001.

80100001,800001101,11011, 60, 688.

8010001111. 800 8010001111.

8010101110. 800 80110101.

8011011110, 8111011110, 8011011110, 8010-
ville.

-70 60, 608.

-1111 de, 856.

- Filius 80110111 60, 416.

- 77111. 60, 895.

80101810 (8016001110), 648.

8010110110 (81110011), 565.

8011100110 1111.,Ραρα, lxviii, 1644, 1648,
1058.

8011111010, Phil. 60, 511.

8011111010, 80111010 (8011119101), 177,
614, 766, 718, 186.

1 80111010. 8008011110110.
' 8011119101. 800 8011111010.

- 800 Bunnyggthone.

8011011110. 8008010110. ·

80111000 [7 8001010] (00. Linon), 860.

80110110, 1103. 60, 741.

80110 Homo, (1111),, 811.

8001101. See 8001011.

80011011. 800 8001100111.

800110. 800 8011010.

8011111100 domus 80111869.

80160010. 800 8116080110.

8016010, 77111. 60, 184.

80160010, 8016001010, 801601ομ (Bor.
600100), monachi 60, 658, 661, 671,
876.

8016001030. 800 80160110.
ὲ 801601, will.. 668.

 

