888 8888 888888 88 88888888.

[88] Dm 188888 88888 88 88888 888 888888 88 soum 8
88888888 AL 1188888888 888 88 1188.

Et pur plus 8888888888 88888888 88 18888888 88 Β88888
(18 jour 88 jour 888888188 choses qi 8888888 8 (181188888
18 1188188818888818 1881, 8818 (188888 1818 un 88818 888
88888 818818 8 88 18188 888881888888 (188888 88 jure, 88 8818
881888188888118118188888888818188 818888 8 8181188888
81 1188188188 888 181188 888 811881888888 ou (18818888
88 888 8888 (1888 88 08888 888 88818188. 118 8818
88888888 8 18188 contre 18 88888 Μ1818818888188 88 8818 (18
88 88 8888881888. Et 88 8818 888888888888 88 881888
8888188888 88888 188 choses qi 88888881188888 8818188888
avanbdite. Et 8818 18 (118 88818 81888888 jour moustre 88
Τ88888188 88 Β88888 apres 18888888888 (1818 Ρ188 8
888818 88 88 888 a 18 jour 88 (1811888888, 888. Et 88181818
88 8888888 qi 88 888888 :—

“ Β8181 888 8888888818 8 1888888888 (18 88188 11181181
“ 888 W. de N„ 8 888888888 (18 88181, 888, 88 8 rendre
“ 88888888 (18, 888, 88 8 respondre 88 Ι1818888881,888.”;
88 (188888 81888 88818 qe 818 8818 888. Et soit 888888
18181818 8888888 (18888 1818881888 888, mercha 88 18
margin du 88818 88888 888888.

“ Et 888 W. (18 0. 8 88818888 18 jour, 888,” 88188888
amount.

“Et sur Τ. (18 S„ 888, 88 8888888”; 88 81 (18 jour 88
88888.

[aa] 088888 88 1188888888 888888 8888888888 888
888888 888 som 8 8888888 8888 888 1388888888
888 88 R01 88 888888 888 88888888 88888888

DE ΟΕ RESPOUNDRR

.. 18888 88888 888 188 busoignes 18 Roi 88 11188888188
8888 888888 (1818188 8 damage (18 181 888 88 que les briefs
qi issent (1818 81888888 181 88 8888 888 818 1818 88888888
88188 1188888888 88 8188888 881818 qe eux 888888888,
88888188888 qil 188 8888 81 1881 88888 qilne 888888

 

Q

