INDEX.

stephanus Rex 5531155-5551. 5155155115. 855 8155555555.
--115555511155 1111555751. 555515555 (smum), 551.
— — 15551155 uxor, 755, 754. 855515155, Nig. 55, 555.
8555515555 (8155515155), 547. 85555555, Herb. 55, 453.

- 855855515555. -Μ551151555, 510.
5555135555. 855 855555555115. 55555555 (Seuthem), 551.
stepinge. 855 8151115355. -(81555555), 755.

555515 (1 81555151). feodum de, 550. 8555551115, (15515. 55, 1070.
855515351515, 5555515155, 1115. 55, 555. 81555555555. 555 85555555555.
5555515155. 8555555515551515. , 8555551555 (Τ555551555), 401.
855555555115, 8155135555, 1115. 55, 455. 85551555, 15555555 will. 55, 755.
sumnus, 855 5555511555. - 855 85551555.

85555. 8555555555. 855515],11111.55, 755.

Stena. SeeSturtres. ' Stodlayffihtdley), 755.
855555, 8555515, 8155155 (85551), lxxiv, 454, 55551535, 85551515, Petr. 55, 155, 555.

547. 55551515 85585551535.
5555555153 (55. Lines), 500. stoka (855155), tem de, cclxxi.
steventone. 855 5555155555. Stoke,Pet.de, 1015.
8155159155. 855 8515155555. - 855855515.

8555155555, 5555555555, 5515555555 (5555155 - 855 5551155.

Eud), 555, 504, 501. 8551515555, Rog. 55, 150.
8515155155. , 855 5555155555. 85555151 (5555551551, 450.
8111515555, 15. 55, 151. 515155, 85511. 8558151555.
- 855Μ555. 5155515515. 555 55555.
Sticksord. 855 85551555. 8551555 (815155, Sozam), 501.
8515515555, Rob. 55, 570. 555555, 85555.

5515555155, 8515515155, «locelinus de, 571. - Filius Bart. de, 514.
- 1551) 515, 571. -— Eustaeh. de, 515.
8515555555. 855 8115155555. -6511555 213.
8115515155. 555 8515551555. —Hug.de‚ 475.
5551555555. 8555555155555. -11151555555
8515155555, 8515551555, Hug. 55, 150, 155. —- 05555 55, 514.
8515155555, 5555555555 (8155159155), 405, - Petrus 55, 150, 254.

575. —- 1155. 55, 510.

—— 855051555555. -111555575
855555555555511555555, 111155 55, 541. - 1151). 55, 155, 515, 515, 519.
555515. 8558551115. ——5 1115. 55457.

555. 5555555 --5555Ι 455, 555.
855555, 855155 (Saveh), 550, 555. stokes (55515, co. Baetes), 555.
8155151555. 855855515555. -(51515, 55. Κ5π5), 751.
51551555. 555 55555555. --5555555515 55, 107.
8555555511. 8558551555115. *(55515, 55. 5115551519.

 

