1258

NiehoIaus-ecml.

—- 61. 1116661611 65 8666511611, 1077.

-618616166615 (8611116615), 516, 611,
769.

—- 61. Simonis, 197.

-61, Toroldi‚ 815, 816.

- 61. willemi, 516.

1116616611, 104.

11166165116. 855116661655116.

1116651665. 85511561666.

11165111 fil. 855 Adam 61. 11165111.

- 855 05661165 61. 11161111.

-— 855 1116611161 61. 11165111. “

- 855111116111165111.

1113611115, 679, 685.

—- Anglieuu. 66.

-06616161166 581.

—-— 61. Alexandri, 167, 586.

- [61. 1111611], 685.

-- 61. 1116116161 66 Tamum, 168.

Niger, Hnmo, 814.

——Rog., 515.

1111651, 1156. 65, 157.

-116166665 66, 151.

Ν16151. 855116651665.

111636, 11111. 16, 481.

1111615666566. 85511516511165565.

1111651516115, 11616. 65, 118.

1116111665, 1111161665, 11661666, 1155516115.

——Paganus de‚³88.

-— Beg. de, 664, 890.

- 1166611665 65, 510.

- Will. de, 465.

11166111. 8551156666.

1116561116. 855 1156115116.

1116511561 16116116156565 (1156661616 in
11561166), 577.

1116611616, Will. 616486.

- 8551156666.

1116661665. 8561151116115.

1111161665. 8551156666.

—· 855 111651665.

mmlx.

11651115, 1166, 416.

11661, 1166. 66, 491.

1155, 4.

11651, nob„ 558.

-— Will., 146.

11651161. 855 111661665 61. 116511.
-· 8551161516· 61. 11661.
116516116516, 11651115, 11611615.

- Benedictus 65, 144.

- Hug. de, 811.

- Μ116 65, 476.

- 666. 66, 154, 555, 511, 116161.
- -166166616

- Rog. 65, 744.

-· Sim. 65, 891, 744.

11611, Reg. 16, 1078.

1161665, 116 65, 608. .
1166666611 (Naaman), hallia 65, 656..
11611661, 11665661.

-- 1111616 66, 60.

- 86166 66, 681.

-— 1156. 65, 88, 111, 114.

--· - honor 66, 594.

- 1116. 65, 610.

- Bag. 65, 51, 55, 566, 655.
11666661. 855 1166561.

’ 1166566666. 85511665666611.

1166566611, Will. de, 161.

1161661611616611, 11616666, 11616661]
(North carry), 546, 549, 677, 110.

11616666, 116166616. 85511616616.

1161616115. 855 11611616.

1161111566, 1166615156 (Nordley), 784.

-— 16166116 65, 671.

Nordley. 855 1161615611.

1161611615, 1116116, 847.

Norenses. 855 66516161 Norenses.

11615665, 1161166515, 16 N oreys.

-1161151666 105191, 757.

·-- Will., 461, 464, 466.

. 1161511166, 11615611, 11661666 65, 861.

11615516. 855 1161511166.

 

