1390

8661676611, Julianus 66, 476.

8666661606, 8666666606 (86666666),
mm

8665169166. 866 8100161666.

86666666, Heu. de, 906.

- Heu. 61. 1166. 66, 806.

86616666. 866 8161616366.

8661166. 8668616616.

8666666116 (8667116661), 779.

86616116. 8668611616.

86611616, 86166116 (Saum 8611), 471, 796.

86611661ωοί66. 8668666661666.

8661661666, suthamptonesira, Suth-
66661666, 8661666661666, 866116616εοί66,
861161616ιὶ66, 861116161666166 (86611-
ampton), 14, 90, 98, 84, 46, 65, 67, 68,
79, 78, 91, 99, 100, 149, 148, 904-910,
610, 669, 681, 689, 687, 690, 704, 705,
mmmmmm4

-- vicecomes, 90, 46, 68, 91, 681.

- villa, 6161166, 668, 690.

- 8611661166 16, 469, 460.

-666116161116166, 668.

-666161-166,668.

-- “ Η6116 11666161 ” 16, 690.

-61811, 669.

- 666611[66]66, 668.

-- 866 Η661666166.

8661636, 8616, 86116616, 86161616, 8611616.

- 07661 de, 99, 104, 180.

- 1166. de, 49, 57, 73, 156, 968, 985.

8666666. 8668666666

86616, mereator, cclxviii.

Sueknuri. 866 swefnury.

8611616, 86861616, 8611161616, 8611116116,
86616116 (8666116), 17, 89, 29, 87, 49,
ffimmwwwwfflh
189, 351, 354, 358, 864, 866, 667, 409,
403-419, 474, 478, 597, 678, 659, 666,
&mmmmmmmmmz
779, 787-789, 805, 806.

-- milites 6666116166, 17.

mnu.

8677616, &vm-eone.

-17166666666 17, 87, 76, 116, 116, 198,
mm

-.- Sericantioe in, 468, 469.

-1666161116666 in, 475-481, 686, 697,
6Μ6ω6ω6666

- 1661661666 66, 689.

86661616. 8668611616.

868611. 8668616616.

86663661. 866 8181616661.

Subulo, 8611611617111. 66, 471, 796.

86116116. 866 86611616.

861116161οεί66 8668661661666.

86116 (8661166), 697.

86161666, 8611161636 (8661166), 661, 781.

Sulburne (86766666), 800.

saum. 866 061661.

8616. 8668661696.

86161666, Rob. de, 698.

- ,4666661666 611166. 66, 698.

Sullinge. 866 8616661.

86666666, 8686666666.

Sumborne, Sumburne, Sumbeme (8666-
borne), 909, 687, 704, 787.

86666666. See Sumborne.

8666666666, 86166666] (86666666), 619,
684.

8666661666, 0661661161 66, 986.

86616τί6166. See Somerford.

Sumerhulle. See Sumerville.

Sumeri, Sumery, Somery.

-ΜΜηΜωω,

- Helias 66, 666.

—Hugo 66, 844.

- 1111666, 141, 166, 479, 600, 606,
597, 576, 609, 611.

-Μὼηηωωωω,
mmemmmm,
mmmmm

8666616166,8116666666 de, 66 wardone,
cclxxxi.

Sumersete. 866 8666666666.

 

