1266

01010101010110, 00,-00111.

-111000011100, 19, 00, 100,100, 057,
674, 675, 740, 771.

-- 11111100 comitatus, 19.

- 0010110011, 101, 100, 100, 100.

·- 1000101000οε 111, 505, 597-000, 604.

-10110 110111010001111 111, 790, 790.

01011001ᾱεί10. 800 01000101000110.

Omnia, 01011110, oxeneford (Oxsord),
657, 674, 675, 1074, 1001.

-011110, 700.

-111611110, 074.

-1011111, 075, 005.

—- 0011010061, 075.

-0011011101 8. 0110000100, 057,
074.

-10110, 057, 074.

- vastum civitatis, 057.

-— molendinum, 057 , 000.

-010101100, 057.

-- Hen. 00, 057, 074.

, -50, 00,01.

-- 800 11101110, 50. 00.

-- 81011100, 501.

-0011100, 740.

-— 800 Vere, 11011. (le.

— eomitissa, 501.

-— 8000110111.

0101100010 Episcopus. 800 0101100010
Episcopus.

01001101, Phil. 00, 500.

0111. 80001111.

01111, 0111, 1101111, 00111, neon, Oili,
011110, 0111010, 01111, 0111, 0111οἰ0 01111.

-Ηο11.00, 08, 01, 00, 47, 00, 100,
0100000001010000
184, 265, 069, 305, 310, 675, 619, 674,
075, 000, 770.

-- 001ιο110111 11011101 00 01111, 057.

-5000 514.

,μ-0000000οω0

107, 143, 176, 641, 799.

INDEX.

Oyssi‚ 100-00111.

- 1103. 00, 004, 010.
- 81111, 00, 070.
- Τ110., 510.

0111. 800 01111.
01001, 01001.

—— 001015, 054.

- Hug. 105.

- nob.. 005.

- uxor 91011011, 594.
0010100076. See 0010001601 1101110100.

Ρ

Ρο110110111,5ο. 00, 100, 500.

0100110010. 800 0010110000.

Ρο00100 800 Ρ1000101.

Ρο0100110111 (Postumum), 700.

Ρο11011011011. 800 3001010110.

3001110110 (Ρο1611100100), 500.

pigmenus, Paganelli Ρο1101, Ρο1001,
Paingnel, Paignel, Paganensis.

- 11111,04,111,110,110.

- Falco, 111, 400, 500, 551, 000.

---- feodum, 77.

— 0011001110, 40, 71, 04, 104, 170,-
969.

- nug„ 100111, 011, 110, 011.

- - 00 0001110100, 550.

- 5 0101101101, 400.

-5010, 400.

-001.,101.

-wi11., 1010, 5³, 00, 11, 01, 00,
110, 130, 145,166, 164, 970, 430, 558,
1100010100.

- - 00 Alta Ripa, 50, 00.

-110101, 09, 00, 110, 009, 009, 650.

vaganensis. SeePaganellus.

 

