111111111.

98181881, δια-88114.

-Thomas 111, 58.

-— 918188 stephani de, 178.

-WilL 88, 490.

981818. 8889881818.

Bulewarehethe (Bulver 1111118), 715.

98111881. 888 98188181.

981188, 118111, 995.

Bulkworthe, 983. 88, 999.

9811818818. 888 9811118888.

Bullsord. 888 9811811888.

981188, 1818, 1079.

981881 Η itha. See Bulenrehethe.

Butwell. See 9888118118.

Buly. 8889111111.

9818381888. See 9811181888.

9811181888, 9811181888, 98881888 (Rump-
8818), 881, 818, 881, 881, 188.

Rauda, 889.

9811818, 9811, 497.

981181, 9881818311, filius J 811 de, 999.
9811811118. 888 9811811118.

9883818 (Bunyay), 995.
Bunnyggthone (Bonniuyton), 749.
1188181838. 888 981181.

Burbach, 9811188118 (9819898), 484, 4117.
Burbaye. 888 98188811.

9818. 888 9818118.

98183 (Burrum (1188811598.

9818118, Bure, Phil. 88, 409.

9818118181, 1881181111 88, 499.

98181181. 888 9818118818.
Burehehillun. See chinum.
9818118818 (9818181), 609.

9818811, Sim. de, 516.

98181888, Τ118. 88, 511.

98181888 (9188911188), 511.
9818838118) (98188888), 81888818, 1046.
981881, 9818881191, 999, 990, 941.
98188118, 9818811, 98188118.
-11381191188 417. =
-·Jo.,121.

98188118, Sca-cont.

- - Petrus, 88, 112, 111, 112.

- 918, 558.

-- Will„ 599.

981888. 888 9818888.
981881. 888 981881.
9818898118, Rog. (18, 985.
1181818188, 9881818, 981888 88, 989.
9818118118, will. 88, 989.
98181. 8889818188.

9818118. 8889811181.
98181188, 98181, 11838, 418.
... 983, 940.

98188, (1888111888 88, 99, 694.
—- Will. de, 474.

Barea, (88. Esses), 457, 507.
98188181, Rob. 88, 491, 495.
98181198, will. de, 919.
9813818, Petr. de, 943.

- Rob. 88, 611.

98138118, will. 88, 959.

, 9813818111, 1711188, 618.

98138888. 888 Burgoynun.

Burgeveney (8589888889118118188, 609,
609.

98131818, 9811. (18, 599.

981311-88-1118-88888, xiv.

Burgh. 88898138.

98131188, 981818 (8ο. Suam), 1181181848
de, 188, 814.

--- 8889811188.

9818881881, 9813911111, 98131119, 684,
780.

numnam. See 9813118811.

9813118118, David 88, 609, 609. ·

-Ρ83. 88, 601.

98138, Heu. 88, 769.

-1181181188 (Hubert) 88, xliv, 8,
ccxxxix, 195,198,149, 148, 148, 995,
476 (9), 478, 499, 591, 545, 595, 741,
1481118888 ( ).

“ - -- See 11888188 Comes.

 

