11111111.

6661666616 (61666661), 616.

6116161616, 6111661616 (Amant-stone),
666, 804.

6116661116,66616611611116 (61661611), 666,
618.

6111661111. See 6661161. 6111661.

61116666. 866 61116666.

61111616 Ρ16161, 611.

61616 (1166116196), 668, 644.

613611 111. 866 11616111. 613611. .

61 (1611166. See Boloniae, 6661666116
Comes.

6111116, 1111161, Hugo 66, 666.

Ι6116111461. ’

611616 0161666116, 176.

6111166161. See 66111666616116661.

Alina, 611. '

6111661636. 8666116616161.

6116861666 (6111691611,66.11’1“116), 464.

61111666, 6111181166, 61111366, 66111166,
611366.

- Clemens Sylvester 66, 616, 766.

- 16. 66, 616, 768, 766.

- 1166. 66, 616, 766.

61161666 (6111116166, co. Rem), 476.

61111666 (166. 117616. or Herem, 666.

6116616, 61161 (6161166116 66, 646.

Ausi. 8666116616.

611166616, 61116166161163. 66, 666.

6111111161. 866 6111611661.

6111611611 (61111611), 616, 707, 716.

6611666666116. See Alomundebyry.

Alkesye, 61116616 (166. 8661616), 649, 766.

6111611. See 6111611611.

6111119166. 866 61161666.

61166. 8666616.

6116. 866 6116.

Alii, 6116, Phil, 684.

-Rog., 16, 161.

61161161. See 61661111.

’.4161116166 8666116116166.
Alimon. 861611611616.

6111681166. 8666611666.

61116166. See Alinghee.

6111691611. 866 6116361666.

- 866 61161666.

6116611, 666. .

6111616166. 866Η6166111166. . .

6161111161, 611661161, 6111661161, 11661611 111.

- 866616666116161611.

—- 8661166111166.111.611661161.

-- 866 Τ61616666, 111. 6111161161.

6161611666 111616666161, 67, 164,166,166,
161, 210.

- -- 11616666 6111161161, 616.

- - walterus 116161, 616.

6111611666, 6161166166611611666, 6611111,
Almary¹ fil. 1166616, 611664.

-11111611611166 8616111111, 666. .

6111616. 866 6111611661.

6161611666. 8666116611666.

616166111, Elias 66, 666.

6111161161. 866 6161111161.

6111611616, steph. 66, 616.

61666611666, Hug. de, 666.

6166. 866 61116.

616616. 8666166.

- See 11616 611616.

6111161611. -866 6116111116.

61161116, Will. 66, 666.

61166116 (6161161611), baronia 66, 666.

6166, 6116, 616616, 61666, 6166, Annon,
Arnon.

- Alex. 116, 66, 66, 63, 636, 764.

- 1616611666, 161, 116, 166, 161,
166, 167, 380, 483, 545, 6111.

- Gilb. 66, 667.

-- Η66. 66, 666.

. -·· Η61. 66, 166, 666, 566, 666.

- 1616. 66, 616.

. - 1116. 66, 661, 646.

-- 1161. 66, 646.
- Tho. 66, 661.
-- will. 66, 66416), 466

 

