1292

11636666-6661.

- 111. 16636661 (mnndi), 808.

- — 1166. nepos, 808.

-- 6. 16166661, 664, 666, 616, 6666.

- fll. 1116666186, 66.

1163366661. 866 116336161.

1163361, 11633666, fil. 866 Simon fil.
1163361.

11611116, Romi, noyn, Groily.

-— Alexander (16, 478.

- 11163. (16, 616.

- 1161. (16, 867.

1161636. 866 11616366.

11616366, 1161636, 11616366.

-- Alex. (16, 865. ’

-- Η63. (16, 6211.

- Simon de, 866.

11616366, 11636366, 1163636 (1166111631),
wwmm

— 866 1163636.

11616, 116616, 1166. (16, 648.

1161666666 (1166116661), 744.

1161611. 86611616613.

1161616666 (1166166666), 668, 681,
786.

11616166666 (nucum), 688.

11616116, 1116611744.

- Rob. (16, 688.

-- 1116661161 Will. (16, 89, 116, 110, 161,
710.

11616613, 1161611, 1166. (16, 866.

1161661616 (36611611), 678.

1161661663. 86611616616.

11616616, 1161616163, 1161616, 1161661636,
1161661.

-- (1111. (16, 608.

- Gregorius (16, 881.

-- 1101. (16, 472, 586, 717.

11616616. 866 1161661636.

1161661636 (1166163), 616, 711, 7811.

1161661. 866 11616616.

1161661666. 86611611661666.

mnu.⁴

11611636. 866 1161163166.

116116361666 (116611631616),666(611661 de,
cclxxxi.

— P01tarius (16. 678.

-- 61311 (16, 678.

1161116366, 11611636 (1166111666), 614, 706,
718.

1161161666 (66. Lanos), 678.

1161361666, 1ο. (16, 608.

11616661 fil. See 1116666411. 11616661.

1161661661. 86611616666161.

1161661166 fil. 6161τί111661.

1161636, 11616 (11611163), 776.

- 6616666661 (16, 676, 7 81.

1161661666. 86611661661666.

1161661666. 86611611661666.

1161166666, 1166. (16, 641.

11611666τὶ6. 86611616666161.

Rollendrieht. 866 1161666661.

Rollendrit. 86611616666161.

1161166, 1166166.

-— 1116. (16, feodum, 561, 687.

- 1111166616.

11616616661161666666716. (16, 880.

116116. 8661161166.

1161166, 116116, 1116. (16, 684.

1161166 (1166116666), feodum de, 686.

1161161311. See Rolondrieh.

116666, (16661, 1166666 61 116, 6661666.

1161666661, 116116611τί1, 11611666τί611,
1161166666, 1161666661 (1161161311), 84,
100, 184, 176, 816.

11666666 Curia, 1044, 1046.

-66616616,1044,1048,1068.

Romanorum Imperator. 866 8666661666 11.

1166666666 Imperator, 768.

1166666, 11666666, 11666666,11666666

— Comes 66, 878.

- Η6616 (16, 87, 708.

- will. (16, 20, 88, 84, 40, 76, 84, bl,
94. 99, 100, 108, 111, 171, 2⁸⁵, 878,
818, 687, 106.

 

