1930

ssebertus-cont.

- 01. 0310311 (0070311), 998, 381.

—- 01. 0310111οὶ, 97, 703.

-mmfflmmmmmm
422, 153, 493, 430, 599.

- 01. 00113111, 359, 135, 483.

- 01. 000310 01. 011131, 353.

-- 01. 00113111 01. 03101ος, 110.

-- 01. 003311, lxxxiii, 81, 30, 109, 118
QQQQQQQQ
mmmmemQ
413413 (9), 509, 303, 583, 578, 598, 801.

- 01. 8301030013, 98, 701.

-- 01. Simonis, 119, 383, 389.

- - 03 830301, 477.

- 01. Stephani, 87, 110, 791,

-- 01. 811310 (8311101, 80310, Smin),
&cmmmm

--· 01. 1001010, 340.

- 01. Το00113 Alby, 1078.

- 01. 11100113 03103031, 1078.

—- 01. vicecomitis, 91, 91, 893.

- 01. walkelini, 337.

—-· - Rob. 01., 337.

-01 01311311, cxxix, 38, 98, 198, 175,
WAEMQMAEQMAEQQ
ffiffldffimoemaffiffic
731. 833 0130 1113113103 01. 00113111.

-— — uxor, 175.

- 01. 11131101 (0310311), 313.

- 01 013101, 414.

--— 01Ῐ widonis 00 0000131003, 388.

-- 0101031101 (0011131011), 99, 80, 131,
03030303οη00100
985, 301, 395, 368, 333, 590, 533, 893.

-- - 833 0003110301. Nigelli.

- - fil. (13130113, 199.

- -- 03 01131003, 383.

-- -- 03 0310313011, 517.

0011301, 00010, 813.

00110113, 00011010, Roby (1101113010),
lxxx, 179, 389.

mnu.

Roby. Soc 0030113.

00331101 (80331101) 01. 833 willelmus 01.
00331101.

0011311003 01. 03113111, 400.

0030310 (1710100111), 714.

0000303003 (0011033130), 505.

000, 00311, 01031000 03, 497.

-8301300,915.

0000. 833 003.

00303. 833 0013.

003031010. 833 0030101113.

000031010310. 03, 738.

003031. 833 00303110.

00303113. 833 00311300.

00303110, 00003113, 003031, Will. 03,
347, 733.

0030300130οε 03, 381.

1013033131, Bichop 01, 0333 01 the,
ccxxxv.

— 333113 11110 01, ccxxxvii

- 01101011 01, 3111, cxcii.

— 3333 01 103 church 01, cclv, cclvi.

-80101000 03, cccxxvi. ’

-- 833001333311133 00113.

0000101οο, 000031010.

-Jo. de, 81, 115, 138, 133-141 508,
535 738.

-- Wido 03, 319.

0030. 833 010113.

1103100013 833 0011300103.

0001139100. 833 0011033030.

1103110110. 833 0011300003.

0031111311 (1100001111), 388.

Rocubye (1100101). 737.

0001131103 01. Angcri 03 11110000οι01,
cclxxiii.

-— 01. Μο11301 03 0301110000111111.

11000311. 8330300000.

Rode, Will. 0313,400.

0003113, ch. dc, 990.

00030313, 013. 03, 1041.

0003311310100303, 093, 885, 386, 798.

 

