1126

Burgo-conl.

—-— ling. 116, 456.

- 16, 66611111.

-- Phil. 66, 416.

- 316. 66, 146, 453.

- liic. 66, 771.

-— Tho. 116, 33, 117, 130, 139, 4311, 533,
537.

-- -- Tho. 111, 4110.

36186 (3165616195), 35116116,Α111166 66,
14, 17, 35, 31, 39, 50, 63, 73, 31, 1114,
119, 139, 1711, 333, 533, 531, 561, 673,
700,

-·- 16111161 Abbau's 66, 17, 616,
519.

- -- honor 1111116111 66, 616, 611.

- -3161661111611166 619.

3616611166, 36166666, 3611611666, 363,
Hug. 10. 111, 111611.

3616116661. 366 Burgoyuun.

Burgus, Burk (3616191 311696), 676,
634, 7116, 790.

-- (Peterbmowo.

3611161, 36611 [16. 361611), 11111. 66,
634.

36166616, 1131. 66, 149.

36111616). 366 3611161111.

3613663161 (111111161611),566.

3111119161. 36631611166166.

Burmingeham (3161119561), 776.

3111119161. See Burmintone.

3116161616 (3111116161), 611.

3111116, 3611661611 66, 166.

-1ο.66,696.

-- - 366 316616.

361116, 3166116 (366116, co. 661111), 663-
530.

- (1 3661161116), 655.

3616611161, Ad. 66, 616.

-- 361). 66, 615.
31111161, 361161, 3616116.

-—- Hinganus, 376.

mnu.

' 361661616-1611.

- 366, 696.

- 11111.,116,166, 611.

36166361, 11111, 156.

3616116111, Phil. 66, 661.

36163661 (1611611611), 743.

—-·- 366 31611616.

3616116116, Tho. 66, 676, 574.

36166, 36166, leogoras 66, 64, 36, 165,
133, 173, 3431

3611611911 Graan. 366 Bureg.

3611, silvester 66, 406.

36111136, 36111136 (361161), 474, 751.

-- (11661161),611, 6661611111.

36161661. 366 36111666.

3611116116, 1ο. 66, 476.

36111666 (3111616611), 641.

3111111111. 366 3161111111. 366 3611111611.

3611111111 (3116116111), lxxviii.

3611, 316. 66, 666.

3111611, 3611666.

- Gali. de, 415.

- iiug. de, 766.

-- 316. 66, 1046.

—- 316. 66, 656.

-- 3611. 66, 566.

- Will. 116, 463.

311161. 366 36116666 36116116.

3611666 (co. 1161161), hundredum 66, 545.

-- (16. Κ611),649.

- (16. Νο1111611ρ161), 561.

- (co. stafford), 6111111 66, 41.

Bul-un. 366 36166.

3111111666. 366 3611666.

36111666, 31611666 (1316166611),454,511.

- (131111 11666),16ο.

36161. 361 36161.

36661. 366 36111.

361111. 36636111.

361161. 36631111.

36116111366163616111 1666661, 566, 660.

—- 366361111.

 

