1850

1115511100, 1115511115, 1111151115.

-5150555, 818.

-- nie. 55, 588.

·-— 1115. 55, 578.

111510155,1115110(15(171115151545547.

11151515 (1711111151), 786.

111555151515151 (1111]ον15151), 741.

111510511. 855 111510511.

1111055παί51 See wigormin.

Wyteng. 855 11115151.

1111151155. 855 1111515155.

11111015 (1111510111), 788.

11115185 (11115111), 784.

111115155ω11111505151 (minimum),
554.

- 1511555, 714.

11115115155151. 855111155515515.

11115155551555, 55111551 55, 511.

1111515515 (1 Limera), 787, 758.

-- 855151515515.

1111511055, omniu· 55, 180.

11111115. 855 11111115.

X

numme (8011110115), 1055.

Y

1155155, 1555155 (85511) 557, 805.
’11151101 (11111015), 505.

10111. 85511155.

1011101115. Su 0511155155.
10111015. 8551115501.

10110511. 8551115155.

1511515, 10511515, Bos. 55, 454, 510.
10115515. 8551511115.

ΜΠ.

1555155. 8551155151.

151555, 1511555, 15101155, 111011. 55, 784,
745.

1511555 8551011511.

1515110111. 8556515151511051151111.
1511519. 855 (15115151.

1510555. 8551511155.

15511111. 8551155115.

Yeovil. 855 (111515.

1511515 51. 855 Tuder fil. 1511515.
- 855 1011101111 51.

1111, 1059.

1111151088.

11111 (11111111, 111.

- 8511115155.

115155 (Oak-Mu), 585.

nene (11111, 411, 110.

11151555. 855 5105151055.

11151015 (Luae 1110151481.

111511. 8551115111.

1151511055 (1111111011), 741.

1155551. 855115555151-

15155551 (Inykon), 588.

151515511οῃ, Tho. 55, 741.

1551115555. 855 151555055.

1051110.,1011.

1015551111 (00. 01011), 518.

10111, 5155511501) of, 005111

1011, 5105501151 11, xviii, 00011111.

-85515050111151,

-15111551551 11, mxiv, 51111111,
cxlviii.

- 855 5501105111.

101115115οι1.

-- see 1150115551.

10110115 51. 8555115551. 10110115.

1551015 8551113155.

11115, lpus, 1111115, 048, 040, 658, 881.

11551, 11111. 55, 455.

11551, 1111551 (1151), 581, 581.

11155 51. 11155410.

, 15551 (lebam), 11151 qud, 0011111

 

